earth 
1.000000 0.000000 0.000000 
0.966520 0.258036 0.000000 
0.868394 0.498814 0.000000 
0.712374 0.706337 0.000000 
0.509107 0.867013 0.000000 
0.272301 0.970570 0.000000 
0.017694 1.010682 0.000000 
-0.238060 0.985272 0.000000 
-0.478508 0.896512 0.000000 
-0.688424 0.750551 0.000000 
-0.854705 0.557016 0.000000 
-0.967086 0.328355 0.000000 
-1.018680 0.079054 0.000000 
-1.006326 -0.175209 0.000000 
-0.930748 -0.418465 0.000000 
-0.796526 -0.635354 0.000000 
-0.611880 -0.812022 0.000000 
-0.388254 -0.936960 0.000000 
-0.139709 -1.001761 0.000000 
0.117877 -1.001738 0.000000 
