earth , jupiter 
0.926220 0.360994 0.000069 , 2.543760 -4.436837 -0.038506 
0.903318 0.413755 0.000067 , 2.565240 -4.423078 -0.039043 
0.877370 0.465121 0.000065 , 2.586657 -4.409210 -0.039580 
0.848461 0.514915 0.000063 , 2.608009 -4.395232 -0.040116 
0.816682 0.562966 0.000061 , 2.629298 -4.381145 -0.040650 
0.782136 0.609109 0.000058 , 2.650521 -4.366950 -0.041184 
0.744936 0.653184 0.000055 , 2.671678 -4.352647 -0.041717 
0.705203 0.695036 0.000052 , 2.692769 -4.338235 -0.042248 
0.663069 0.734520 0.000048 , 2.713793 -4.323716 -0.042779 
0.618672 0.771496 0.000045 , 2.734749 -4.309090 -0.043308 
0.572161 0.805834 0.000041 , 2.755638 -4.294356 -0.043837 
0.523690 0.837410 0.000037 , 2.776458 -4.279515 -0.044364 
0.473421 0.866111 0.000034 , 2.797209 -4.264568 -0.044890 
0.421526 0.891833 0.000029 , 2.817890 -4.249514 -0.045415 
0.368179 0.914482 0.000025 , 2.838501 -4.234355 -0.045939 
0.313561 0.933974 0.000021 , 2.859041 -4.219089 -0.046462 
0.257860 0.950235 0.000017 , 2.879509 -4.203719 -0.046984 
0.201265 0.963204 0.000012 , 2.899906 -4.188243 -0.047504 
0.143973 0.972829 0.000008 , 2.920230 -4.172663 -0.048024 
0.086180 0.979071 0.000003 , 2.940481 -4.156978 -0.048542 
0.028088 0.981903 -0.000001 , 2.960658 -4.141189 -0.049058 
-0.030102 0.981308 -0.000006 , 2.980762 -4.125296 -0.049574 
-0.088186 0.977283 -0.000010 , 3.000790 -4.109300 -0.050089 
-0.145961 0.969837 -0.000015 , 3.020743 -4.093201 -0.050602 
-0.203224 0.958991 -0.000019 , 3.040620 -4.076998 -0.051114 
-0.259773 0.944779 -0.000023 , 3.060421 -4.060694 -0.051624 
-0.315408 0.927244 -0.000028 , 3.080145 -4.044287 -0.052133 
-0.369933 0.906445 -0.000032 , 3.099792 -4.027779 -0.052641 
-0.423154 0.882452 -0.000036 , 3.119360 -4.011169 -0.053148 
-0.474882 0.855345 -0.000040 , 3.138850 -3.994458 -0.053653 
-0.524932 0.825217 -0.000044 , 3.158260 -3.977646 -0.054157 
-0.573127 0.792171 -0.000048 , 3.177591 -3.960734 -0.054660 
-0.619293 0.756322 -0.000051 , 3.196842 -3.943722 -0.055161 
-0.663266 0.717795 -0.000055 , 3.216011 -3.926610 -0.055661 
-0.704890 0.676725 -0.000058 , 3.235100 -3.909399 -0.056159 
-0.744014 0.633256 -0.000061 , 3.254107 -3.892089 -0.056656 
-0.780501 0.587541 -0.000063 , 3.273031 -3.874681 -0.057152 
-0.814218 0.539741 -0.000066 , 3.291872 -3.857174 -0.057646 
-0.845047 0.490026 -0.000068 , 3.310630 -3.839570 -0.058139 
-0.872877 0.438573 -0.000070 , 3.329304 -3.821868 -0.058630 
-0.897611 0.385563 -0.000072 , 3.347893 -3.804069 -0.059120 
-0.919160 0.331185 -0.000074 , 3.366398 -3.786173 -0.059608 
-0.937450 0.275632 -0.000075 , 3.384817 -3.768181 -0.060095 
-0.952417 0.219102 -0.000076 , 3.403149 -3.750094 -0.060580 
-0.964008 0.161794 -0.000077 , 3.421395 -3.731911 -0.061063 
-0.972187 0.103914 -0.000078 , 3.439554 -3.713632 -0.061545 
-0.976925 0.045665 -0.000078 , 3.457625 -3.695260 -0.062026 
-0.978208 -0.012746 -0.000078 , 3.475608 -3.676793 -0.062505 
-0.976037 -0.071113 -0.000078 , 3.493502 -3.658232 -0.062982 
-0.970421 -0.129229 -0.000077 , 3.511307 -3.639577 -0.063458 
-0.961384 -0.186890 -0.000077 , 3.529023 -3.620830 -0.063932 
-0.948963 -0.243895 -0.000076 , 3.546648 -3.601990 -0.064404 
-0.933205 -0.300042 -0.000074 , 3.564182 -3.583057 -0.064875 
-0.914170 -0.355137 -0.000073 , 3.581625 -3.564033 -0.065344 
-0.891929 -0.408987 -0.000071 , 3.598976 -3.544918 -0.065812 
-0.866566 -0.461407 -0.000069 , 3.616235 -3.525712 -0.066277 
-0.838174 -0.512214 -0.000067 , 3.633401 -3.506415 -0.066741 
-0.806856 -0.561235 -0.000064 , 3.650474 -3.487028 -0.067204 
-0.772728 -0.608303 -0.000062 , 3.667453 -3.467552 -0.067664 
-0.735912 -0.653256 -0.000059 , 3.684337 -3.447987 -0.068123 
-0.696542 -0.695943 -0.000056 , 3.701127 -3.428332 -0.068580 
-0.654757 -0.736219 -0.000053 , 3.717822 -3.408590 -0.069036 
-0.610708 -0.773951 -0.000049 , 3.734421 -3.388760 -0.069489 
-0.564551 -0.809013 -0.000046 , 3.750923 -3.368842 -0.069941 
-0.516448 -0.841289 -0.000042 , 3.767329 -3.348838 -0.070391 
-0.466568 -0.870674 -0.000038 , 3.783638 -3.328747 -0.070839 
-0.415087 -0.897073 -0.000034 , 3.799849 -3.308570 -0.071286 
-0.362184 -0.920400 -0.000030 , 3.815961 -3.288307 -0.071730 
-0.308042 -0.940584 -0.000026 , 3.831975 -3.267960 -0.072173 
-0.252848 -0.957560 -0.000022 , 3.847890 -3.247528 -0.072614 
-0.196792 -0.971277 -0.000018 , 3.863705 -3.227011 -0.073053 
-0.140066 -0.981695 -0.000014 , 3.879420 -3.206412 -0.073490 
-0.082864 -0.988785 -0.000009 , 3.895035 -3.185729 -0.073925 
-0.025380 -0.992529 -0.000005 , 3.910548 -3.164963 -0.074358 
0.032191 -0.992920 -0.000001 , 3.925960 -3.144115 -0.074789 
0.089655 -0.989963 0.000004 , 3.941270 -3.123186 -0.075218 
0.146819 -0.983674 0.000008 , 3.956477 -3.102175 -0.075646 
0.203490 -0.974080 0.000012 , 3.971582 -3.081084 -0.076071 
0.259480 -0.961218 0.000016 , 3.986583 -3.059913 -0.076495 
0.314602 -0.945136 0.000020 , 4.001480 -3.038662 -0.076916 
0.368673 -0.925893 0.000024 , 4.016273 -3.017331 -0.077335 
0.421515 -0.903558 0.000028 , 4.030961 -2.995922 -0.077753 
0.472951 -0.878209 0.000031 , 4.045545 -2.974435 -0.078168 
0.522813 -0.849935 0.000035 , 4.060022 -2.952870 -0.078581 
0.570937 -0.818834 0.000038 , 4.074394 -2.931228 -0.078993 
0.617164 -0.785011 0.000042 , 4.088658 -2.909509 -0.079402 
0.661344 -0.748583 0.000045 , 4.102816 -2.887715 -0.079809 
0.703330 -0.709672 0.000047 , 4.116867 -2.865844 -0.080214 
0.742987 -0.668409 0.000050 , 4.130810 -2.843899 -0.080617 
0.780185 -0.624933 0.000053 , 4.144644 -2.821879 -0.081018 
0.814801 -0.579389 0.000055 , 4.158370 -2.799785 -0.081417 
0.846722 -0.531930 0.000057 , 4.171987 -2.777618 -0.081813 
0.875845 -0.482712 0.000059 , 4.185494 -2.755378 -0.082208 
0.902075 -0.431900 0.000060 , 4.198892 -2.733065 -0.082600 
0.925324 -0.379661 0.000062 , 4.212179 -2.710680 -0.082990 
0.945516 -0.326168 0.000063 , 4.225355 -2.688225 -0.083378 
0.962585 -0.271599 0.000063 , 4.238420 -2.665698 -0.083763 
0.976475 -0.216133 0.000064 , 4.251373 -2.643101 -0.084147 
0.987138 -0.159954 0.000064 , 4.264214 -2.620435 -0.084528 
0.994539 -0.103247 0.000064 , 4.276943 -2.597700 -0.084907 
0.998651 -0.046200 0.000064 , 4.289559 -2.574896 -0.085284 
0.999460 0.010999 0.000064 , 4.302062 -2.552024 -0.085659 
0.996961 0.068161 0.000063 , 4.314452 -2.529085 -0.086031 
0.991159 0.125095 0.000062 , 4.326727 -2.506078 -0.086401 
0.982072 0.181614 0.000061 , 4.338888 -2.483006 -0.086769 
0.969726 0.237529 0.000060 , 4.350934 -2.459868 -0.087134 
0.954159 0.292653 0.000058 , 4.362865 -2.436665 -0.087497 
0.935420 0.346803 0.000056 , 4.374680 -2.413397 -0.087858 
0.913567 0.399797 0.000054 , 4.386379 -2.390065 -0.088217 
0.888669 0.451457 0.000052 , 4.397963 -2.366670 -0.088573 
0.860805 0.501608 0.000049 , 4.409429 -2.343212 -0.088927 
0.830064 0.550082 0.000047 , 4.420778 -2.319692 -0.089278 
0.796544 0.596712 0.000044 , 4.432010 -2.296111 -0.089627 
0.760354 0.641340 0.000041 , 4.443124 -2.272468 -0.089974 
0.721610 0.683812 0.000038 , 4.454121 -2.248765 -0.090318 
0.680439 0.723982 0.000034 , 4.464998 -2.225002 -0.090660 
0.636974 0.761711 0.000031 , 4.475757 -2.201180 -0.091000 
0.591360 0.796866 0.000027 , 4.486396 -2.177299 -0.091337 
0.543745 0.829323 0.000023 , 4.496916 -2.153360 -0.091671 
0.494288 0.858968 0.000020 , 4.507316 -2.129364 -0.092004 
0.443152 0.885694 0.000016 , 4.517596 -2.105311 -0.092333 
0.390509 0.909404 0.000012 , 4.527755 -2.081201 -0.092661 
0.336535 0.930012 0.000008 , 4.537793 -2.057036 -0.092985 
0.281411 0.947440 0.000004 , 4.547710 -2.032817 -0.093308 
0.225325 0.961622 -0.000001 , 4.557505 -2.008542 -0.093627 
0.168466 0.972504 -0.000005 , 4.567179 -1.984215 -0.093945 
0.111029 0.980040 -0.000009 , 4.576730 -1.959834 -0.094260 
0.053210 0.984198 -0.000013 , 4.586158 -1.935400 -0.094572 
-0.004792 0.984957 -0.000017 , 4.595464 -1.910915 -0.094882 
-0.062776 0.982307 -0.000021 , 4.604647 -1.886378 -0.095189 
-0.120542 0.976251 -0.000025 , 4.613706 -1.861791 -0.095493 
-0.177888 0.966802 -0.000029 , 4.622641 -1.837154 -0.095795 
-0.234614 0.953987 -0.000033 , 4.631452 -1.812467 -0.096095 
-0.290521 0.937845 -0.000037 , 4.640139 -1.787732 -0.096392 
-0.345412 0.918426 -0.000041 , 4.648701 -1.762949 -0.096686 
-0.399093 0.895792 -0.000044 , 4.657137 -1.738118 -0.096978 
-0.451374 0.870016 -0.000048 , 4.665449 -1.713241 -0.097267 
-0.502069 0.841185 -0.000051 , 4.673635 -1.688317 -0.097554 
-0.550997 0.809395 -0.000054 , 4.681695 -1.663348 -0.097837 
-0.597984 0.774753 -0.000057 , 4.689629 -1.638334 -0.098119 
-0.642860 0.737378 -0.000060 , 4.697437 -1.613277 -0.098397 
-0.685465 0.697398 -0.000062 , 4.705118 -1.588175 -0.098673 
-0.725645 0.654951 -0.000065 , 4.712672 -1.563031 -0.098947 
-0.763256 0.610186 -0.000067 , 4.720098 -1.537844 -0.099217 
-0.798160 0.563258 -0.000069 , 4.727398 -1.512616 -0.099485 
-0.830233 0.514331 -0.000070 , 4.734569 -1.487347 -0.099750 
-0.859358 0.463579 -0.000072 , 4.741613 -1.462038 -0.100013 
-0.885430 0.411180 -0.000073 , 4.748528 -1.436689 -0.100273 
-0.908354 0.357319 -0.000074 , 4.755314 -1.411302 -0.100530 
-0.928047 0.302187 -0.000074 , 4.761972 -1.385876 -0.100784 
-0.944439 0.245981 -0.000075 , 4.768501 -1.360412 -0.101036 
-0.957471 0.188899 -0.000075 , 4.774901 -1.334912 -0.101285 
-0.967096 0.131145 -0.000075 , 4.781171 -1.309376 -0.101531 
-0.973279 0.072924 -0.000075 , 4.787311 -1.283804 -0.101774 
-0.976000 0.014443 -0.000074 , 4.793322 -1.258197 -0.102015 
-0.975250 -0.044089 -0.000073 , 4.799202 -1.232556 -0.102253 
-0.971033 -0.102464 -0.000072 , 4.804952 -1.206882 -0.102488 
-0.963366 -0.160476 -0.000071 , 4.810572 -1.181174 -0.102720 
-0.952279 -0.217918 -0.000070 , 4.816060 -1.155435 -0.102950 
-0.937813 -0.274587 -0.000068 , 4.821418 -1.129664 -0.103177 
-0.920023 -0.330284 -0.000066 , 4.826645 -1.103863 -0.103401 
-0.898975 -0.384811 -0.000064 , 4.831740 -1.078031 -0.103622 
-0.874747 -0.437978 -0.000061 , 4.836703 -1.052170 -0.103840 
-0.847428 -0.489598 -0.000059 , 4.841535 -1.026281 -0.104056 
-0.817120 -0.539491 -0.000056 , 4.846234 -1.000363 -0.104268 
-0.783932 -0.587483 -0.000053 , 4.850802 -0.974418 -0.104478 
-0.747985 -0.633410 -0.000050 , 4.855237 -0.948447 -0.104685 
-0.709412 -0.677112 -0.000046 , 4.859540 -0.922449 -0.104889 
-0.668350 -0.718441 -0.000043 , 4.863710 -0.896427 -0.105090 
-0.624947 -0.757255 -0.000039 , 4.867747 -0.870380 -0.105289 
-0.579361 -0.793423 -0.000036 , 4.871651 -0.844309 -0.105484 
-0.531753 -0.826825 -0.000032 , 4.875422 -0.818215 -0.105677 
-0.482293 -0.857348 -0.000028 , 4.879059 -0.792099 -0.105866 
-0.431157 -0.884894 -0.000024 , 4.882564 -0.765961 -0.106053 
-0.378524 -0.909371 -0.000020 , 4.885934 -0.739802 -0.106237 
-0.324581 -0.930703 -0.000016 , 4.889171 -0.713623 -0.106418 
-0.269516 -0.948820 -0.000012 , 4.892273 -0.687424 -0.106596 
-0.213521 -0.963668 -0.000008 , 4.895242 -0.661207 -0.106771 
-0.156791 -0.975202 -0.000004 , 4.898076 -0.634971 -0.106943 
-0.099522 -0.983390 0.000000 , 4.900776 -0.608718 -0.107113 
-0.041910 -0.988210 0.000004 , 4.903342 -0.582448 -0.107279 
0.015846 -0.989653 0.000008 , 4.905773 -0.556162 -0.107443 
0.073549 -0.987721 0.000012 , 4.908069 -0.529861 -0.107603 
0.131004 -0.982428 0.000016 , 4.910231 -0.503546 -0.107760 
0.188015 -0.973798 0.000020 , 4.912258 -0.477216 -0.107915 
0.244390 -0.961867 0.000024 , 4.914149 -0.450874 -0.108067 
0.299939 -0.946682 0.000028 , 4.915906 -0.424519 -0.108215 
0.354477 -0.928300 0.000031 , 4.917527 -0.398152 -0.108361 
0.407823 -0.906790 0.000034 , 4.919013 -0.371775 -0.108503 
0.459797 -0.882229 0.000037 , 4.920363 -0.345387 -0.108643 
0.510229 -0.854705 0.000041 , 4.921578 -0.318990 -0.108780 
0.558952 -0.824315 0.000043 , 4.922658 -0.292583 -0.108913 
0.605806 -0.791166 0.000046 , 4.923602 -0.266169 -0.109044 
0.650637 -0.755373 0.000048 , 4.924410 -0.239748 -0.109172 
0.693299 -0.717059 0.000051 , 4.925082 -0.213320 -0.109296 
0.733651 -0.676355 0.000053 , 4.925619 -0.186886 -0.109418 
0.771564 -0.633400 0.000055 , 4.926020 -0.160447 -0.109537 
0.806914 -0.588340 0.000056 , 4.926284 -0.134003 -0.109652 
0.839587 -0.541326 0.000058 , 4.926413 -0.107556 -0.109765 
0.869476 -0.492516 0.000059 , 4.926406 -0.081105 -0.109874 
0.896486 -0.442073 0.000060 , 4.926262 -0.054653 -0.109981 
0.920530 -0.390167 0.000060 , 4.925983 -0.028199 -0.110084 
0.941530 -0.336970 0.000061 , 4.925567 -0.001744 -0.110185 
0.959418 -0.282658 0.000061 , 4.925015 0.024711 -0.110282 
0.974138 -0.227412 0.000061 , 4.924327 0.051165 -0.110377 
0.985642 -0.171415 0.000060 , 4.923503 0.077618 -0.110468 
0.993894 -0.114852 0.000060 , 4.922542 0.104068 -0.110556 
0.998865 -0.057909 0.000059 , 4.921445 0.130516 -0.110641 
1.000541 -0.000775 0.000057 , 4.920212 0.156960 -0.110723 
0.998917 0.056362 0.000056 , 4.918842 0.183400 -0.110802 
0.993996 0.113312 0.000054 , 4.917337 0.209834 -0.110878 
0.985794 0.169888 0.000053 , 4.915695 0.236263 -0.110951 
0.974338 0.225904 0.000050 , 4.913916 0.262685 -0.111021 
0.959664 0.281172 0.000048 , 4.912002 0.289100 -0.111088 
0.941819 0.335511 0.000046 , 4.909951 0.315507 -0.111151 
0.920860 0.388740 0.000043 , 4.907764 0.341906 -0.111212 
0.896853 0.440682 0.000040 , 4.905441 0.368294 -0.111269 
0.869877 0.491163 0.000037 , 4.902982 0.394673 -0.111324 
0.840017 0.540015 0.000033 , 4.900386 0.421040 -0.111375 
0.807370 0.587073 0.000030 , 4.897655 0.447396 -0.111423 
0.772040 0.632181 0.000026 , 4.894787 0.473740 -0.111468 
0.734143 0.675184 0.000023 , 4.891784 0.500070 -0.111510 
0.693802 0.715937 0.000019 , 4.888644 0.526386 -0.111549 
0.651147 0.754301 0.000015 , 4.885369 0.552688 -0.111585 
0.606318 0.790144 0.000011 , 4.881957 0.578975 -0.111618 
0.559461 0.823342 0.000006 , 4.878410 0.605245 -0.111647 
0.510730 0.853780 0.000002 , 4.874728 0.631498 -0.111674 
0.460286 0.881351 -0.000002 , 4.870909 0.657734 -0.111697 
0.408295 0.905957 -0.000006 , 4.866956 0.683952 -0.111718 
0.354930 0.927511 -0.000011 , 4.862866 0.710150 -0.111735 
0.300368 0.945932 -0.000015 , 4.858642 0.736329 -0.111749 
0.244792 0.961155 -0.000019 , 4.854282 0.762487 -0.111760 
0.188387 0.973119 -0.000024 , 4.849787 0.788625 -0.111768 
0.131344 0.981780 -0.000028 , 4.845156 0.814740 -0.111772 
0.073856 0.987099 -0.000032 , 4.840391 0.840832 -0.111774 
0.016118 0.989054 -0.000036 , 4.835491 0.866901 -0.111772 
-0.041675 0.987629 -0.000040 , 4.830456 0.892946 -0.111768 
-0.099323 0.982824 -0.000044 , 4.825287 0.918966 -0.111760 
-0.156630 0.974646 -0.000048 , 4.819983 0.944960 -0.111749 
-0.213396 0.963119 -0.000052 , 4.814545 0.970928 -0.111735 
-0.269427 0.948274 -0.000055 , 4.808972 0.996869 -0.111718 
-0.324526 0.930156 -0.000058 , 4.803265 1.022782 -0.111698 
-0.378502 0.908821 -0.000062 , 4.797424 1.048666 -0.111675 
-0.431165 0.884337 -0.000065 , 4.791450 1.074522 -0.111648 
-0.482329 0.856782 -0.000067 , 4.785341 1.100347 -0.111619 
-0.531815 0.826246 -0.000070 , 4.779100 1.126141 -0.111586 
-0.579446 0.792831 -0.000072 , 4.772724 1.151905 -0.111550 
-0.625052 0.756647 -0.000074 , 4.766216 1.177635 -0.111511 
-0.668471 0.717817 -0.000076 , 4.759574 1.203334 -0.111469 
-0.709547 0.676472 -0.000078 , 4.752800 1.228998 -0.111424 
-0.748131 0.632752 -0.000079 , 4.745892 1.254628 -0.111376 
-0.784085 0.586809 -0.000080 , 4.738852 1.280223 -0.111325 
-0.817277 0.538800 -0.000081 , 4.731680 1.305783 -0.111270 
-0.847588 0.488892 -0.000082 , 4.724376 1.331306 -0.111213 
-0.874906 0.437258 -0.000082 , 4.716939 1.356791 -0.111152 
-0.899131 0.384079 -0.000082 , 4.709371 1.382239 -0.111088 
-0.920174 0.329542 -0.000082 , 4.701671 1.407648 -0.111021 
-0.937957 0.273838 -0.000081 , 4.693840 1.433018 -0.110951 
-0.952415 0.217163 -0.000081 , 4.685878 1.458348 -0.110878 
-0.963494 0.159718 -0.000080 , 4.677784 1.483637 -0.110802 
-0.971151 0.101707 -0.000078 , 4.669560 1.508884 -0.110723 
-0.975359 0.043334 -0.000077 , 4.661205 1.534089 -0.110641 
-0.976100 -0.015192 -0.000075 , 4.652720 1.559252 -0.110555 
-0.973371 -0.073664 -0.000073 , 4.644105 1.584371 -0.110467 
-0.967180 -0.131874 -0.000071 , 4.635360 1.609445 -0.110375 
-0.957551 -0.189615 -0.000068 , 4.626485 1.634475 -0.110280 
-0.944516 -0.246682 -0.000065 , 4.617481 1.659458 -0.110182 
-0.928123 -0.302871 -0.000062 , 4.608348 1.684396 -0.110081 
-0.908431 -0.357984 -0.000059 , 4.599085 1.709286 -0.109977 
-0.885512 -0.411825 -0.000056 , 4.589695 1.734128 -0.109870 
-0.859448 -0.464203 -0.000052 , 4.580175 1.758922 -0.109760 
-0.830334 -0.514934 -0.000048 , 4.570528 1.783667 -0.109647 
-0.798275 -0.563840 -0.000045 , 4.560753 1.808362 -0.109531 
-0.763387 -0.610747 -0.000041 , 4.550850 1.833006 -0.109412 
-0.725798 -0.655493 -0.000036 , 4.540819 1.857599 -0.109289 
-0.685642 -0.697922 -0.000032 , 4.530662 1.882140 -0.109164 
-0.643064 -0.737885 -0.000028 , 4.520378 1.906628 -0.109035 
-0.598217 -0.775246 -0.000023 , 4.509968 1.931063 -0.108904 
-0.551263 -0.809877 -0.000019 , 4.499431 1.955444 -0.108769 
-0.502370 -0.841659 -0.000014 , 4.488768 1.979770 -0.108631 
-0.451712 -0.870485 -0.000010 , 4.477980 2.004041 -0.108491 
-0.399469 -0.896259 -0.000005 , 4.467066 2.028255 -0.108347 
-0.345827 -0.918896 -0.000001 , 4.456028 2.052413 -0.108200 
-0.290977 -0.938322 0.000004 , 4.444864 2.076514 -0.108050 
-0.235110 -0.954475 0.000009 , 4.433577 2.100556 -0.107898 
-0.178425 -0.967305 0.000013 , 4.422165 2.124540 -0.107742 
-0.121118 -0.976773 0.000018 , 4.410630 2.148464 -0.107583 
-0.063391 -0.982853 0.000022 , 4.398971 2.172328 -0.107421 
-0.005443 -0.985531 0.000026 , 4.387189 2.196131 -0.107256 
0.052524 -0.984804 0.000030 , 4.375284 2.219873 -0.107088 
0.110311 -0.980681 0.000034 , 4.363257 2.243553 -0.106918 
0.167719 -0.973183 0.000038 , 4.351108 2.267170 -0.106744 
0.224553 -0.962344 0.000042 , 4.338837 2.290723 -0.106567 
0.280618 -0.948206 0.000045 , 4.326444 2.314212 -0.106387 
0.335724 -0.930825 0.000049 , 4.313931 2.337637 -0.106204 
0.389685 -0.910266 0.000052 , 4.301297 2.360996 -0.106019 
0.442320 -0.886606 0.000055 , 4.288543 2.384290 -0.105830 
0.493452 -0.859932 0.000058 , 4.275668 2.407516 -0.105638 
0.542911 -0.830338 0.000060 , 4.262674 2.430675 -0.105443 
0.590532 -0.797932 0.000063 , 4.249561 2.453767 -0.105246 
