earth 
0.926220 0.360994 0.000069 
0.823866 0.552433 0.000061 
0.681295 0.716906 0.000050 
0.504870 0.845755 0.000037 
0.302737 0.931540 0.000021 
0.084664 0.968275 0.000005 
-0.138078 0.951610 -0.000012 
-0.352697 0.878969 -0.000028 
-0.544592 0.749693 -0.000042 
-0.696481 0.565346 -0.000054 
-0.786218 0.330548 -0.000060 
-0.780965 0.055814 -0.000059 
-0.618076 -0.230186 -0.000046 
-0.106034 -0.386153 -0.000007 
1.601730 3.812451 0.000114 
3.309478 8.011020 0.000235 
5.017226 12.209587 0.000356 
6.724974 16.408155 0.000477 
8.432722 20.606723 0.000598 
10.140470 24.805291 0.000719 
11.848218 29.003858 0.000840 
13.555966 33.202426 0.000961 
15.263714 37.400993 0.001082 
16.971462 41.599561 0.001203 
18.679210 45.798129 0.001324 
20.386958 49.996696 0.001446 
22.094706 54.195264 0.001567 
23.802454 58.393832 0.001688 
25.510202 62.592399 0.001809 
27.217950 66.790967 0.001930 
28.925698 70.989535 0.002051 
30.633446 75.188102 0.002172 
32.341194 79.386670 0.002293 
34.048942 83.585238 0.002414 
35.756690 87.783805 0.002535 
37.464438 91.982373 0.002656 
39.172186 96.180941 0.002777 
40.879934 100.379508 0.002898 
42.587682 104.578076 0.003019 
44.295430 108.776644 0.003140 
