earth 
0.92622 0.360994 6.92158e-05 , 
0.926156 0.361154 6.92107e-05 , 
0.926092 0.361314 6.92056e-05 , 
0.926028 0.361474 6.92005e-05 , 
0.925964 0.361634 6.91953e-05 , 
0.9259 0.361794 6.91902e-05 , 
0.925835 0.361954 6.9185e-05 , 
0.925771 0.362114 6.91799e-05 , 
0.925707 0.362274 6.91748e-05 , 
0.925643 0.362434 6.91696e-05 , 
0.925578 0.362594 6.91645e-05 , 
0.925514 0.362754 6.91593e-05 , 
0.92545 0.362914 6.91542e-05 , 
0.925385 0.363073 6.9149e-05 , 
0.925321 0.363233 6.91439e-05 , 
0.925257 0.363393 6.91387e-05 , 
0.925192 0.363553 6.91336e-05 , 
0.925128 0.363713 6.91284e-05 , 
0.925063 0.363873 6.91232e-05 , 
0.924999 0.364033 6.91181e-05 , 
0.924934 0.364193 6.91129e-05 , 
0.92487 0.364352 6.91077e-05 , 
0.924805 0.364512 6.91026e-05 , 
0.92474 0.364672 6.90974e-05 , 
0.924676 0.364832 6.90922e-05 , 
0.924611 0.364992 6.9087e-05 , 
0.924546 0.365151 6.90818e-05 , 
0.924481 0.365311 6.90767e-05 , 
0.924417 0.365471 6.90715e-05 , 
0.924352 0.365631 6.90663e-05 , 
0.924287 0.36579 6.90611e-05 , 
0.924222 0.36595 6.90559e-05 , 
0.924157 0.36611 6.90507e-05 , 
0.924092 0.36627 6.90455e-05 , 
0.924027 0.366429 6.90403e-05 , 
0.923962 0.366589 6.90351e-05 , 
0.923897 0.366749 6.90299e-05 , 
0.923832 0.366908 6.90247e-05 , 
0.923767 0.367068 6.90195e-05 , 
0.923702 0.367228 6.90143e-05 , 
0.923637 0.367387 6.90091e-05 , 
0.923572 0.367547 6.90039e-05 , 
0.923507 0.367706 6.89987e-05 , 
0.923442 0.367866 6.89935e-05 , 
0.923376 0.368026 6.89883e-05 , 
0.923311 0.368185 6.8983e-05 , 
0.923246 0.368345 6.89778e-05 , 
0.923181 0.368504 6.89726e-05 , 
0.923115 0.368664 6.89674e-05 , 
0.92305 0.368823 6.89621e-05 , 
0.922984 0.368983 6.89569e-05 , 
0.922919 0.369142 6.89517e-05 , 
0.922854 0.369302 6.89464e-05 , 
0.922788 0.369461 6.89412e-05 , 
0.922723 0.369621 6.8936e-05 , 
0.922657 0.36978 6.89307e-05 , 
0.922591 0.36994 6.89255e-05 , 
0.922526 0.370099 6.89202e-05 , 
0.92246 0.370258 6.8915e-05 , 
0.922395 0.370418 6.89097e-05 , 
0.922329 0.370577 6.89045e-05 , 
0.922263 0.370737 6.88992e-05 , 
0.922198 0.370896 6.8894e-05 , 
0.922132 0.371055 6.88887e-05 , 
0.922066 0.371215 6.88835e-05 , 
0.922 0.371374 6.88782e-05 , 
0.921934 0.371533 6.88729e-05 , 
0.921868 0.371693 6.88677e-05 , 
0.921803 0.371852 6.88624e-05 , 
0.921737 0.372011 6.88571e-05 , 
0.921671 0.372171 6.88519e-05 , 
0.921605 0.37233 6.88466e-05 , 
0.921539 0.372489 6.88413e-05 , 
0.921473 0.372648 6.8836e-05 , 
0.921407 0.372808 6.88308e-05 , 
0.92134 0.372967 6.88255e-05 , 
0.921274 0.373126 6.88202e-05 , 
0.921208 0.373285 6.88149e-05 , 
0.921142 0.373444 6.88096e-05 , 
0.921076 0.373604 6.88043e-05 , 
0.92101 0.373763 6.8799e-05 , 
0.920943 0.373922 6.87937e-05 , 
0.920877 0.374081 6.87884e-05 , 
0.920811 0.37424 6.87831e-05 , 
0.920744 0.374399 6.87778e-05 , 
0.920678 0.374558 6.87725e-05 , 
0.920612 0.374718 6.87672e-05 , 
0.920545 0.374877 6.87619e-05 , 
0.920479 0.375036 6.87566e-05 , 
0.920412 0.375195 6.87513e-05 , 
0.920346 0.375354 6.8746e-05 , 
0.920279 0.375513 6.87407e-05 , 
0.920213 0.375672 6.87354e-05 , 
0.920146 0.375831 6.873e-05 , 
0.920079 0.37599 6.87247e-05 , 
0.920013 0.376149 6.87194e-05 , 
0.919946 0.376308 6.87141e-05 , 
0.919879 0.376467 6.87087e-05 , 
0.919813 0.376626 6.87034e-05 , 
0.919746 0.376785 6.86981e-05 , 
0.919679 0.376944 6.86927e-05 , 
0.919612 0.377103 6.86874e-05 , 
0.919545 0.377262 6.86821e-05 , 
0.919479 0.377421 6.86767e-05 , 
0.919412 0.37758 6.86714e-05 , 
0.919345 0.377738 6.8666e-05 , 
0.919278 0.377897 6.86607e-05 , 
0.919211 0.378056 6.86553e-05 , 
0.919144 0.378215 6.865e-05 , 
0.919077 0.378374 6.86446e-05 , 
0.91901 0.378533 6.86393e-05 , 
0.918943 0.378691 6.86339e-05 , 
0.918875 0.37885 6.86286e-05 , 
0.918808 0.379009 6.86232e-05 , 
0.918741 0.379168 6.86179e-05 , 
0.918674 0.379327 6.86125e-05 , 
0.918607 0.379485 6.86071e-05 , 
0.918539 0.379644 6.86017e-05 , 
0.918472 0.379803 6.85964e-05 , 
0.918405 0.379962 6.8591e-05 , 
0.918337 0.38012 6.85856e-05 , 
0.91827 0.380279 6.85802e-05 , 
0.918203 0.380438 6.85749e-05 , 
0.918135 0.380596 6.85695e-05 , 
0.918068 0.380755 6.85641e-05 , 
0.918 0.380914 6.85587e-05 , 
0.917933 0.381072 6.85533e-05 , 
0.917865 0.381231 6.85479e-05 , 
0.917798 0.38139 6.85425e-05 , 
0.91773 0.381548 6.85372e-05 , 
0.917662 0.381707 6.85318e-05 , 
0.917595 0.381865 6.85264e-05 , 
0.917527 0.382024 6.8521e-05 , 
0.917459 0.382183 6.85156e-05 , 
0.917392 0.382341 6.85101e-05 , 
0.917324 0.3825 6.85047e-05 , 
0.917256 0.382658 6.84993e-05 , 
0.917188 0.382817 6.84939e-05 , 
0.91712 0.382975 6.84885e-05 , 
0.917053 0.383134 6.84831e-05 , 
0.916985 0.383292 6.84777e-05 , 
0.916917 0.383451 6.84723e-05 , 
0.916849 0.383609 6.84668e-05 , 
0.916781 0.383768 6.84614e-05 , 
0.916713 0.383926 6.8456e-05 , 
0.916645 0.384084 6.84506e-05 , 
0.916577 0.384243 6.84451e-05 , 
0.916509 0.384401 6.84397e-05 , 
0.91644 0.38456 6.84343e-05 , 
0.916372 0.384718 6.84288e-05 , 
0.916304 0.384876 6.84234e-05 , 
0.916236 0.385035 6.84179e-05 , 
0.916168 0.385193 6.84125e-05 , 
0.916099 0.385351 6.84071e-05 , 
0.916031 0.38551 6.84016e-05 , 
0.915963 0.385668 6.83962e-05 , 
0.915894 0.385826 6.83907e-05 , 
0.915826 0.385985 6.83853e-05 , 
0.915758 0.386143 6.83798e-05 , 
0.915689 0.386301 6.83744e-05 , 
0.915621 0.386459 6.83689e-05 , 
0.915552 0.386618 6.83634e-05 , 
0.915484 0.386776 6.8358e-05 , 
0.915415 0.386934 6.83525e-05 , 
0.915347 0.387092 6.8347e-05 , 
0.915278 0.387251 6.83416e-05 , 
0.915209 0.387409 6.83361e-05 , 
0.915141 0.387567 6.83306e-05 , 
0.915072 0.387725 6.83251e-05 , 
0.915003 0.387883 6.83197e-05 , 
0.914935 0.388041 6.83142e-05 , 
0.914866 0.388199 6.83087e-05 , 
0.914797 0.388358 6.83032e-05 , 
0.914728 0.388516 6.82977e-05 , 
0.914659 0.388674 6.82923e-05 , 
0.914591 0.388832 6.82868e-05 , 
0.914522 0.38899 6.82813e-05 , 
0.914453 0.389148 6.82758e-05 , 
0.914384 0.389306 6.82703e-05 , 
0.914315 0.389464 6.82648e-05 , 
0.914246 0.389622 6.82593e-05 , 
0.914177 0.38978 6.82538e-05 , 
0.914108 0.389938 6.82483e-05 , 
0.914039 0.390096 6.82428e-05 , 
0.913969 0.390254 6.82373e-05 , 
0.9139 0.390412 6.82318e-05 , 
0.913831 0.39057 6.82262e-05 , 
0.913762 0.390728 6.82207e-05 , 
0.913693 0.390886 6.82152e-05 , 
0.913623 0.391044 6.82097e-05 , 
0.913554 0.391202 6.82042e-05 , 
0.913485 0.391359 6.81986e-05 , 
0.913415 0.391517 6.81931e-05 , 
0.913346 0.391675 6.81876e-05 , 
0.913277 0.391833 6.81821e-05 , 
0.913207 0.391991 6.81765e-05 , 
0.913138 0.392149 6.8171e-05 , 
0.913068 0.392306 6.81655e-05 , 
0.912999 0.392464 6.81599e-05 , 
0.912929 0.392622 6.81544e-05 , 
0.91286 0.39278 6.81488e-05 , 
0.91279 0.392938 6.81433e-05 , 
0.91272 0.393095 6.81378e-05 , 
0.912651 0.393253 6.81322e-05 , 
0.912581 0.393411 6.81267e-05 , 
0.912511 0.393569 6.81211e-05 , 
0.912442 0.393726 6.81156e-05 , 
0.912372 0.393884 6.811e-05 , 
0.912302 0.394042 6.81044e-05 , 
0.912232 0.394199 6.80989e-05 , 
0.912162 0.394357 6.80933e-05 , 
0.912093 0.394515 6.80878e-05 , 
0.912023 0.394672 6.80822e-05 , 
0.911953 0.39483 6.80766e-05 , 
0.911883 0.394988 6.8071e-05 , 
0.911813 0.395145 6.80655e-05 , 
0.911743 0.395303 6.80599e-05 , 
0.911673 0.39546 6.80543e-05 , 
0.911603 0.395618 6.80487e-05 , 
0.911533 0.395775 6.80432e-05 , 
0.911463 0.395933 6.80376e-05 , 
0.911392 0.39609 6.8032e-05 , 
0.911322 0.396248 6.80264e-05 , 
0.911252 0.396405 6.80208e-05 , 
0.911182 0.396563 6.80152e-05 , 
0.911112 0.39672 6.80096e-05 , 
0.911041 0.396878 6.8004e-05 , 
0.910971 0.397035 6.79984e-05 , 
0.910901 0.397193 6.79928e-05 , 
0.91083 0.39735 6.79872e-05 , 
0.91076 0.397508 6.79816e-05 , 
0.910689 0.397665 6.7976e-05 , 
0.910619 0.397822 6.79704e-05 , 
0.910548 0.39798 6.79648e-05 , 
0.910478 0.398137 6.79592e-05 , 
0.910407 0.398295 6.79536e-05 , 
0.910337 0.398452 6.7948e-05 , 
0.910266 0.398609 6.79424e-05 , 
0.910196 0.398767 6.79367e-05 , 
0.910125 0.398924 6.79311e-05 , 
0.910054 0.399081 6.79255e-05 , 
0.909984 0.399238 6.79199e-05 , 
0.909913 0.399396 6.79142e-05 , 
0.909842 0.399553 6.79086e-05 , 
0.909771 0.39971 6.7903e-05 , 
0.909701 0.399868 6.78973e-05 , 
0.90963 0.400025 6.78917e-05 , 
0.909559 0.400182 6.78861e-05 , 
0.909488 0.400339 6.78804e-05 , 
0.909417 0.400496 6.78748e-05 , 
0.909346 0.400654 6.78691e-05 , 
0.909275 0.400811 6.78635e-05 , 
0.909204 0.400968 6.78578e-05 , 
0.909133 0.401125 6.78522e-05 , 
0.909062 0.401282 6.78465e-05 , 
0.908991 0.401439 6.78409e-05 , 
0.90892 0.401596 6.78352e-05 , 
0.908849 0.401753 6.78296e-05 , 
0.908778 0.401911 6.78239e-05 , 
0.908706 0.402068 6.78182e-05 , 
0.908635 0.402225 6.78126e-05 , 
0.908564 0.402382 6.78069e-05 , 
0.908493 0.402539 6.78012e-05 , 
0.908421 0.402696 6.77956e-05 , 
0.90835 0.402853 6.77899e-05 , 
0.908279 0.40301 6.77842e-05 , 
0.908207 0.403167 6.77786e-05 , 
0.908136 0.403324 6.77729e-05 , 
0.908064 0.403481 6.77672e-05 , 
0.907993 0.403638 6.77615e-05 , 
0.907921 0.403795 6.77558e-05 , 
0.90785 0.403951 6.77501e-05 , 
0.907778 0.404108 6.77444e-05 , 
0.907707 0.404265 6.77388e-05 , 
0.907635 0.404422 6.77331e-05 , 
0.907563 0.404579 6.77274e-05 , 
0.907492 0.404736 6.77217e-05 , 
0.90742 0.404893 6.7716e-05 , 
0.907348 0.40505 6.77103e-05 , 
0.907277 0.405206 6.77046e-05 , 
0.907205 0.405363 6.76989e-05 , 
0.907133 0.40552 6.76931e-05 , 
0.907061 0.405677 6.76874e-05 , 
0.906989 0.405834 6.76817e-05 , 
0.906917 0.40599 6.7676e-05 , 
0.906846 0.406147 6.76703e-05 , 
0.906774 0.406304 6.76646e-05 , 
0.906702 0.406461 6.76589e-05 , 
0.90663 0.406617 6.76531e-05 , 
0.906558 0.406774 6.76474e-05 , 
0.906486 0.406931 6.76417e-05 , 
0.906414 0.407087 6.76359e-05 , 
0.906341 0.407244 6.76302e-05 , 
0.906269 0.407401 6.76245e-05 , 
0.906197 0.407557 6.76187e-05 , 
0.906125 0.407714 6.7613e-05 , 
0.906053 0.407871 6.76073e-05 , 
0.905981 0.408027 6.76015e-05 , 
0.905908 0.408184 6.75958e-05 , 
0.905836 0.40834 6.759e-05 , 
0.905764 0.408497 6.75843e-05 , 
0.905691 0.408653 6.75785e-05 , 
0.905619 0.40881 6.75728e-05 , 
0.905546 0.408966 6.7567e-05 , 
0.905474 0.409123 6.75613e-05 , 
0.905402 0.409279 6.75555e-05 , 
0.905329 0.409436 6.75498e-05 , 
0.905257 0.409592 6.7544e-05 , 
0.905184 0.409749 6.75382e-05 , 
0.905111 0.409905 6.75325e-05 , 
0.905039 0.410062 6.75267e-05 , 
0.904966 0.410218 6.75209e-05 , 
0.904894 0.410375 6.75152e-05 , 
0.904821 0.410531 6.75094e-05 , 
0.904748 0.410687 6.75036e-05 , 
0.904675 0.410844 6.74978e-05 , 
0.904603 0.411 6.74921e-05 , 
0.90453 0.411157 6.74863e-05 , 
0.904457 0.411313 6.74805e-05 , 
0.904384 0.411469 6.74747e-05 , 
0.904311 0.411626 6.74689e-05 , 
0.904238 0.411782 6.74631e-05 , 
0.904166 0.411938 6.74573e-05 , 
0.904093 0.412094 6.74515e-05 , 
0.90402 0.412251 6.74457e-05 , 
0.903947 0.412407 6.744e-05 , 
0.903874 0.412563 6.74342e-05 , 
0.903801 0.412719 6.74283e-05 , 
0.903727 0.412876 6.74225e-05 , 
0.903654 0.413032 6.74167e-05 , 
0.903581 0.413188 6.74109e-05 , 
0.903508 0.413344 6.74051e-05 , 
0.903435 0.4135 6.73993e-05 , 
0.903362 0.413657 6.73935e-05 , 
0.903288 0.413813 6.73877e-05 , 
0.903215 0.413969 6.73819e-05 , 
0.903142 0.414125 6.7376e-05 , 
0.903068 0.414281 6.73702e-05 , 
0.902995 0.414437 6.73644e-05 , 
0.902922 0.414593 6.73586e-05 , 
0.902848 0.414749 6.73527e-05 , 
0.902775 0.414905 6.73469e-05 , 
0.902701 0.415061 6.73411e-05 , 
0.902628 0.415217 6.73352e-05 , 
0.902554 0.415373 6.73294e-05 , 
0.902481 0.415529 6.73236e-05 , 
0.902407 0.415685 6.73177e-05 , 
0.902334 0.415841 6.73119e-05 , 
0.90226 0.415997 6.7306e-05 , 
0.902186 0.416153 6.73002e-05 , 
0.902113 0.416309 6.72943e-05 , 
0.902039 0.416465 6.72885e-05 , 
0.901965 0.416621 6.72826e-05 , 
0.901891 0.416777 6.72768e-05 , 
0.901817 0.416933 6.72709e-05 , 
0.901744 0.417089 6.7265e-05 , 
0.90167 0.417245 6.72592e-05 , 
0.901596 0.4174 6.72533e-05 , 
0.901522 0.417556 6.72475e-05 , 
0.901448 0.417712 6.72416e-05 , 
0.901374 0.417868 6.72357e-05 , 
0.9013 0.418024 6.72298e-05 , 
0.901226 0.418179 6.7224e-05 , 
0.901152 0.418335 6.72181e-05 , 
0.901078 0.418491 6.72122e-05 , 
0.901004 0.418647 6.72063e-05 , 
0.90093 0.418803 6.72005e-05 , 
0.900856 0.418958 6.71946e-05 , 
0.900781 0.419114 6.71887e-05 , 
0.900707 0.41927 6.71828e-05 , 
0.900633 0.419425 6.71769e-05 , 
0.900559 0.419581 6.7171e-05 , 
0.900484 0.419737 6.71651e-05 , 
0.90041 0.419892 6.71592e-05 , 
0.900336 0.420048 6.71533e-05 , 
0.900261 0.420204 6.71474e-05 , 
0.900187 0.420359 6.71415e-05 , 
0.900112 0.420515 6.71356e-05 , 
0.900038 0.42067 6.71297e-05 , 
0.899964 0.420826 6.71238e-05 , 
0.899889 0.420982 6.71179e-05 , 
0.899814 0.421137 6.7112e-05 , 
0.89974 0.421293 6.71061e-05 , 
0.899665 0.421448 6.71002e-05 , 
0.899591 0.421604 6.70942e-05 , 
0.899516 0.421759 6.70883e-05 , 
0.899441 0.421915 6.70824e-05 , 
0.899367 0.42207 6.70765e-05 , 
0.899292 0.422226 6.70705e-05 , 
0.899217 0.422381 6.70646e-05 , 
0.899142 0.422536 6.70587e-05 , 
0.899068 0.422692 6.70527e-05 , 
0.898993 0.422847 6.70468e-05 , 
0.898918 0.423003 6.70409e-05 , 
0.898843 0.423158 6.70349e-05 , 
0.898768 0.423313 6.7029e-05 , 
0.898693 0.423469 6.7023e-05 , 
0.898618 0.423624 6.70171e-05 , 
0.898543 0.423779 6.70112e-05 , 
0.898468 0.423935 6.70052e-05 , 
0.898393 0.42409 6.69993e-05 , 
0.898318 0.424245 6.69933e-05 , 
0.898243 0.424401 6.69873e-05 , 
0.898168 0.424556 6.69814e-05 , 
0.898092 0.424711 6.69754e-05 , 
0.898017 0.424866 6.69695e-05 , 
0.897942 0.425022 6.69635e-05 , 
0.897867 0.425177 6.69575e-05 , 
0.897792 0.425332 6.69516e-05 , 
0.897716 0.425487 6.69456e-05 , 
0.897641 0.425642 6.69396e-05 , 
0.897566 0.425797 6.69337e-05 , 
0.89749 0.425953 6.69277e-05 , 
0.897415 0.426108 6.69217e-05 , 
0.897339 0.426263 6.69157e-05 , 
0.897264 0.426418 6.69097e-05 , 
0.897188 0.426573 6.69038e-05 , 
0.897113 0.426728 6.68978e-05 , 
0.897037 0.426883 6.68918e-05 , 
0.896962 0.427038 6.68858e-05 , 
0.896886 0.427193 6.68798e-05 , 
0.89681 0.427348 6.68738e-05 , 
0.896735 0.427503 6.68678e-05 , 
0.896659 0.427658 6.68618e-05 , 
0.896583 0.427813 6.68558e-05 , 
0.896508 0.427968 6.68498e-05 , 
0.896432 0.428123 6.68438e-05 , 
0.896356 0.428278 6.68378e-05 , 
0.89628 0.428433 6.68318e-05 , 
0.896204 0.428588 6.68258e-05 , 
0.896129 0.428743 6.68198e-05 , 
0.896053 0.428898 6.68138e-05 , 
0.895977 0.429053 6.68077e-05 , 
0.895901 0.429208 6.68017e-05 , 
0.895825 0.429363 6.67957e-05 , 
0.895749 0.429517 6.67897e-05 , 
0.895673 0.429672 6.67837e-05 , 
0.895597 0.429827 6.67776e-05 , 
0.895521 0.429982 6.67716e-05 , 
0.895444 0.430137 6.67656e-05 , 
0.895368 0.430292 6.67595e-05 , 
0.895292 0.430446 6.67535e-05 , 
0.895216 0.430601 6.67475e-05 , 
0.89514 0.430756 6.67414e-05 , 
0.895063 0.430911 6.67354e-05 , 
0.894987 0.431065 6.67293e-05 , 
0.894911 0.43122 6.67233e-05 , 
0.894835 0.431375 6.67173e-05 , 
0.894758 0.431529 6.67112e-05 , 
0.894682 0.431684 6.67052e-05 , 
0.894605 0.431839 6.66991e-05 , 
0.894529 0.431993 6.66931e-05 , 
0.894452 0.432148 6.6687e-05 , 
0.894376 0.432303 6.66809e-05 , 
0.894299 0.432457 6.66749e-05 , 
0.894223 0.432612 6.66688e-05 , 
0.894146 0.432766 6.66627e-05 , 
0.89407 0.432921 6.66567e-05 , 
0.893993 0.433075 6.66506e-05 , 
0.893916 0.43323 6.66445e-05 , 
0.89384 0.433384 6.66385e-05 , 
0.893763 0.433539 6.66324e-05 , 
0.893686 0.433693 6.66263e-05 , 
0.893609 0.433848 6.66202e-05 , 
0.893533 0.434002 6.66142e-05 , 
0.893456 0.434157 6.66081e-05 , 
0.893379 0.434311 6.6602e-05 , 
0.893302 0.434466 6.65959e-05 , 
0.893225 0.43462 6.65898e-05 , 
0.893148 0.434775 6.65837e-05 , 
0.893071 0.434929 6.65776e-05 , 
0.892994 0.435083 6.65715e-05 , 
0.892917 0.435238 6.65654e-05 , 
0.89284 0.435392 6.65593e-05 , 
0.892763 0.435546 6.65532e-05 , 
0.892686 0.435701 6.65471e-05 , 
0.892609 0.435855 6.6541e-05 , 
0.892532 0.436009 6.65349e-05 , 
0.892455 0.436164 6.65288e-05 , 
0.892377 0.436318 6.65227e-05 , 
0.8923 0.436472 6.65166e-05 , 
0.892223 0.436626 6.65105e-05 , 
0.892146 0.436781 6.65044e-05 , 
0.892068 0.436935 6.64982e-05 , 
0.891991 0.437089 6.64921e-05 , 
0.891914 0.437243 6.6486e-05 , 
0.891836 0.437397 6.64799e-05 , 
0.891759 0.437552 6.64737e-05 , 
0.891681 0.437706 6.64676e-05 , 
0.891604 0.43786 6.64615e-05 , 
0.891526 0.438014 6.64553e-05 , 
0.891449 0.438168 6.64492e-05 , 
0.891371 0.438322 6.64431e-05 , 
0.891294 0.438476 6.64369e-05 , 
0.891216 0.43863 6.64308e-05 , 
0.891138 0.438784 6.64246e-05 , 
0.891061 0.438938 6.64185e-05 , 
0.890983 0.439093 6.64124e-05 , 
0.890905 0.439247 6.64062e-05 , 
0.890828 0.439401 6.64e-05 , 
0.89075 0.439555 6.63939e-05 , 
0.890672 0.439709 6.63877e-05 , 
0.890594 0.439862 6.63816e-05 , 
0.890516 0.440016 6.63754e-05 , 
0.890439 0.44017 6.63693e-05 , 
0.890361 0.440324 6.63631e-05 , 
0.890283 0.440478 6.63569e-05 , 
0.890205 0.440632 6.63508e-05 , 
0.890127 0.440786 6.63446e-05 , 
0.890049 0.44094 6.63384e-05 , 
0.889971 0.441094 6.63322e-05 , 
0.889893 0.441248 6.63261e-05 , 
0.889814 0.441401 6.63199e-05 , 
0.889736 0.441555 6.63137e-05 , 
0.889658 0.441709 6.63075e-05 , 
0.88958 0.441863 6.63014e-05 , 
0.889502 0.442017 6.62952e-05 , 
0.889424 0.44217 6.6289e-05 , 
0.889345 0.442324 6.62828e-05 , 
0.889267 0.442478 6.62766e-05 , 
0.889189 0.442632 6.62704e-05 , 
0.88911 0.442785 6.62642e-05 , 
0.889032 0.442939 6.6258e-05 , 
0.888954 0.443093 6.62518e-05 , 
0.888875 0.443246 6.62456e-05 , 
0.888797 0.4434 6.62394e-05 , 
0.888718 0.443554 6.62332e-05 , 
0.88864 0.443707 6.6227e-05 , 
0.888561 0.443861 6.62208e-05 , 
0.888483 0.444014 6.62146e-05 , 
0.888404 0.444168 6.62084e-05 , 
0.888326 0.444322 6.62021e-05 , 
0.888247 0.444475 6.61959e-05 , 
0.888168 0.444629 6.61897e-05 , 
0.88809 0.444782 6.61835e-05 , 
0.888011 0.444936 6.61773e-05 , 
0.887932 0.445089 6.6171e-05 , 
0.887853 0.445243 6.61648e-05 , 
0.887775 0.445396 6.61586e-05 , 
0.887696 0.44555 6.61523e-05 , 
0.887617 0.445703 6.61461e-05 , 
0.887538 0.445857 6.61399e-05 , 
0.887459 0.44601 6.61336e-05 , 
0.88738 0.446164 6.61274e-05 , 
0.887301 0.446317 6.61211e-05 , 
0.887222 0.44647 6.61149e-05 , 
0.887143 0.446624 6.61087e-05 , 
0.887064 0.446777 6.61024e-05 , 
0.886985 0.44693 6.60962e-05 , 
0.886906 0.447084 6.60899e-05 , 
0.886827 0.447237 6.60836e-05 , 
0.886748 0.44739 6.60774e-05 , 
0.886668 0.447544 6.60711e-05 , 
0.886589 0.447697 6.60649e-05 , 
0.88651 0.44785 6.60586e-05 , 
0.886431 0.448003 6.60523e-05 , 
0.886352 0.448157 6.60461e-05 , 
0.886272 0.44831 6.60398e-05 , 
0.886193 0.448463 6.60335e-05 , 
0.886114 0.448616 6.60273e-05 , 
0.886034 0.44877 6.6021e-05 , 
0.885955 0.448923 6.60147e-05 , 
0.885875 0.449076 6.60084e-05 , 
0.885796 0.449229 6.60022e-05 , 
0.885716 0.449382 6.59959e-05 , 
0.885637 0.449535 6.59896e-05 , 
0.885557 0.449688 6.59833e-05 , 
0.885478 0.449841 6.5977e-05 , 
0.885398 0.449994 6.59707e-05 , 
0.885318 0.450148 6.59644e-05 , 
0.885239 0.450301 6.59581e-05 , 
0.885159 0.450454 6.59518e-05 , 
0.885079 0.450607 6.59456e-05 , 
0.885 0.45076 6.59393e-05 , 
0.88492 0.450913 6.59329e-05 , 
0.88484 0.451066 6.59266e-05 , 
0.88476 0.451219 6.59203e-05 , 
0.88468 0.451372 6.5914e-05 , 
0.8846 0.451524 6.59077e-05 , 
0.884521 0.451677 6.59014e-05 , 
0.884441 0.45183 6.58951e-05 , 
0.884361 0.451983 6.58888e-05 , 
0.884281 0.452136 6.58825e-05 , 
0.884201 0.452289 6.58761e-05 , 
0.884121 0.452442 6.58698e-05 , 
0.884041 0.452595 6.58635e-05 , 
0.883961 0.452748 6.58572e-05 , 
0.88388 0.4529 6.58508e-05 , 
0.8838 0.453053 6.58445e-05 , 
0.88372 0.453206 6.58382e-05 , 
0.88364 0.453359 6.58318e-05 , 
0.88356 0.453511 6.58255e-05 , 
0.883479 0.453664 6.58192e-05 , 
0.883399 0.453817 6.58128e-05 , 
0.883319 0.45397 6.58065e-05 , 
0.883239 0.454122 6.58001e-05 , 
0.883158 0.454275 6.57938e-05 , 
0.883078 0.454428 6.57874e-05 , 
0.882997 0.45458 6.57811e-05 , 
0.882917 0.454733 6.57747e-05 , 
0.882836 0.454886 6.57684e-05 , 
0.882756 0.455038 6.5762e-05 , 
0.882675 0.455191 6.57557e-05 , 
0.882595 0.455343 6.57493e-05 , 
0.882514 0.455496 6.5743e-05 , 
0.882434 0.455649 6.57366e-05 , 
0.882353 0.455801 6.57302e-05 , 
0.882272 0.455954 6.57239e-05 , 
0.882192 0.456106 6.57175e-05 , 
0.882111 0.456259 6.57111e-05 , 
0.88203 0.456411 6.57047e-05 , 
0.88195 0.456564 6.56984e-05 , 
0.881869 0.456716 6.5692e-05 , 
0.881788 0.456869 6.56856e-05 , 
0.881707 0.457021 6.56792e-05 , 
0.881626 0.457174 6.56728e-05 , 
0.881545 0.457326 6.56664e-05 , 
0.881464 0.457478 6.56601e-05 , 
0.881384 0.457631 6.56537e-05 , 
0.881303 0.457783 6.56473e-05 , 
0.881222 0.457935 6.56409e-05 , 
0.881141 0.458088 6.56345e-05 , 
0.881059 0.45824 6.56281e-05 , 
0.880978 0.458392 6.56217e-05 , 
0.880897 0.458545 6.56153e-05 , 
0.880816 0.458697 6.56089e-05 , 
0.880735 0.458849 6.56025e-05 , 
0.880654 0.459002 6.55961e-05 , 
0.880573 0.459154 6.55897e-05 , 
0.880491 0.459306 6.55832e-05 , 
0.88041 0.459458 6.55768e-05 , 
0.880329 0.45961 6.55704e-05 , 
0.880247 0.459763 6.5564e-05 , 
0.880166 0.459915 6.55576e-05 , 
0.880085 0.460067 6.55512e-05 , 
0.880003 0.460219 6.55447e-05 , 
0.879922 0.460371 6.55383e-05 , 
0.87984 0.460523 6.55319e-05 , 
0.879759 0.460676 6.55254e-05 , 
0.879677 0.460828 6.5519e-05 , 
0.879596 0.46098 6.55126e-05 , 
0.879514 0.461132 6.55061e-05 , 
0.879433 0.461284 6.54997e-05 , 
0.879351 0.461436 6.54933e-05 , 
0.87927 0.461588 6.54868e-05 , 
0.879188 0.46174 6.54804e-05 , 
0.879106 0.461892 6.54739e-05 , 
0.879024 0.462044 6.54675e-05 , 
0.878943 0.462196 6.5461e-05 , 
0.878861 0.462348 6.54546e-05 , 
0.878779 0.4625 6.54481e-05 , 
0.878697 0.462652 6.54417e-05 , 
0.878615 0.462804 6.54352e-05 , 
0.878534 0.462955 6.54288e-05 , 
0.878452 0.463107 6.54223e-05 , 
0.87837 0.463259 6.54158e-05 , 
0.878288 0.463411 6.54094e-05 , 
0.878206 0.463563 6.54029e-05 , 
0.878124 0.463715 6.53964e-05 , 
0.878042 0.463867 6.539e-05 , 
0.87796 0.464018 6.53835e-05 , 
0.877878 0.46417 6.5377e-05 , 
0.877795 0.464322 6.53705e-05 , 
0.877713 0.464474 6.53641e-05 , 
0.877631 0.464625 6.53576e-05 , 
0.877549 0.464777 6.53511e-05 , 
0.877467 0.464929 6.53446e-05 , 
0.877384 0.465081 6.53381e-05 , 
0.877302 0.465232 6.53316e-05 , 
0.87722 0.465384 6.53251e-05 , 
0.877137 0.465536 6.53186e-05 , 
0.877055 0.465687 6.53121e-05 , 
0.876973 0.465839 6.53056e-05 , 
0.87689 0.46599 6.52991e-05 , 
0.876808 0.466142 6.52926e-05 , 
0.876725 0.466294 6.52861e-05 , 
0.876643 0.466445 6.52796e-05 , 
0.87656 0.466597 6.52731e-05 , 
0.876478 0.466748 6.52666e-05 , 
0.876395 0.4669 6.52601e-05 , 
0.876313 0.467051 6.52536e-05 , 
0.87623 0.467203 6.52471e-05 , 
0.876147 0.467354 6.52406e-05 , 
0.876065 0.467506 6.5234e-05 , 
0.875982 0.467657 6.52275e-05 , 
0.875899 0.467809 6.5221e-05 , 
0.875816 0.46796 6.52145e-05 , 
0.875734 0.468112 6.52079e-05 , 
0.875651 0.468263 6.52014e-05 , 
0.875568 0.468414 6.51949e-05 , 
0.875485 0.468566 6.51884e-05 , 
0.875402 0.468717 6.51818e-05 , 
0.875319 0.468868 6.51753e-05 , 
0.875236 0.46902 6.51687e-05 , 
0.875153 0.469171 6.51622e-05 , 
0.87507 0.469322 6.51557e-05 , 
0.874987 0.469474 6.51491e-05 , 
0.874904 0.469625 6.51426e-05 , 
0.874821 0.469776 6.5136e-05 , 
0.874738 0.469927 6.51295e-05 , 
0.874655 0.470079 6.51229e-05 , 
0.874572 0.47023 6.51164e-05 , 
0.874489 0.470381 6.51098e-05 , 
0.874405 0.470532 6.51032e-05 , 
0.874322 0.470683 6.50967e-05 , 
0.874239 0.470835 6.50901e-05 , 
0.874156 0.470986 6.50836e-05 , 
0.874072 0.471137 6.5077e-05 , 
0.873989 0.471288 6.50704e-05 , 
0.873906 0.471439 6.50638e-05 , 
0.873822 0.47159 6.50573e-05 , 
0.873739 0.471741 6.50507e-05 , 
0.873655 0.471892 6.50441e-05 , 
0.873572 0.472043 6.50375e-05 , 
0.873488 0.472194 6.5031e-05 , 
0.873405 0.472345 6.50244e-05 , 
0.873321 0.472496 6.50178e-05 , 
0.873238 0.472647 6.50112e-05 , 
0.873154 0.472798 6.50046e-05 , 
0.87307 0.472949 6.4998e-05 , 
0.872987 0.4731 6.49914e-05 , 
0.872903 0.473251 6.49848e-05 , 
0.872819 0.473402 6.49782e-05 , 
0.872736 0.473553 6.49716e-05 , 
0.872652 0.473704 6.4965e-05 , 
0.872568 0.473855 6.49584e-05 , 
0.872484 0.474006 6.49518e-05 , 
0.8724 0.474157 6.49452e-05 , 
0.872316 0.474307 6.49386e-05 , 
0.872233 0.474458 6.4932e-05 , 
0.872149 0.474609 6.49254e-05 , 
0.872065 0.47476 6.49188e-05 , 
0.871981 0.474911 6.49122e-05 , 
0.871897 0.475061 6.49056e-05 , 
0.871813 0.475212 6.48989e-05 , 
0.871729 0.475363 6.48923e-05 , 
0.871645 0.475513 6.48857e-05 , 
0.87156 0.475664 6.48791e-05 , 
0.871476 0.475815 6.48724e-05 , 
0.871392 0.475966 6.48658e-05 , 
0.871308 0.476116 6.48592e-05 , 
0.871224 0.476267 6.48525e-05 , 
0.871139 0.476417 6.48459e-05 , 
0.871055 0.476568 6.48393e-05 , 
0.870971 0.476719 6.48326e-05 , 
0.870887 0.476869 6.4826e-05 , 
0.870802 0.47702 6.48193e-05 , 
0.870718 0.47717 6.48127e-05 , 
0.870633 0.477321 6.4806e-05 , 
0.870549 0.477471 6.47994e-05 , 
0.870465 0.477622 6.47927e-05 , 
0.87038 0.477772 6.47861e-05 , 
0.870296 0.477923 6.47794e-05 , 
0.870211 0.478073 6.47728e-05 , 
0.870126 0.478224 6.47661e-05 , 
0.870042 0.478374 6.47595e-05 , 
0.869957 0.478525 6.47528e-05 , 
0.869873 0.478675 6.47461e-05 , 
0.869788 0.478826 6.47395e-05 , 
0.869703 0.478976 6.47328e-05 , 
0.869618 0.479126 6.47261e-05 , 
0.869534 0.479277 6.47194e-05 , 
0.869449 0.479427 6.47128e-05 , 
0.869364 0.479577 6.47061e-05 , 
0.869279 0.479728 6.46994e-05 , 
0.869194 0.479878 6.46927e-05 , 
0.86911 0.480028 6.46861e-05 , 
0.869025 0.480178 6.46794e-05 , 
0.86894 0.480329 6.46727e-05 , 
0.868855 0.480479 6.4666e-05 , 
0.86877 0.480629 6.46593e-05 , 
0.868685 0.480779 6.46526e-05 , 
0.8686 0.48093 6.46459e-05 , 
0.868515 0.48108 6.46392e-05 , 
0.86843 0.48123 6.46325e-05 , 
0.868344 0.48138 6.46258e-05 , 
0.868259 0.48153 6.46191e-05 , 
0.868174 0.48168 6.46124e-05 , 
0.868089 0.48183 6.46057e-05 , 
0.868004 0.48198 6.4599e-05 , 
0.867918 0.482131 6.45923e-05 , 
0.867833 0.482281 6.45856e-05 , 
0.867748 0.482431 6.45789e-05 , 
0.867663 0.482581 6.45721e-05 , 
0.867577 0.482731 6.45654e-05 , 
0.867492 0.482881 6.45587e-05 , 
0.867406 0.483031 6.4552e-05 , 
0.867321 0.483181 6.45453e-05 , 
0.867235 0.483331 6.45385e-05 , 
0.86715 0.483481 6.45318e-05 , 
0.867064 0.48363 6.45251e-05 , 
0.866979 0.48378 6.45183e-05 , 
0.866893 0.48393 6.45116e-05 , 
0.866808 0.48408 6.45049e-05 , 
0.866722 0.48423 6.44981e-05 , 
0.866637 0.48438 6.44914e-05 , 
0.866551 0.48453 6.44846e-05 , 
0.866465 0.48468 6.44779e-05 , 
0.866379 0.484829 6.44712e-05 , 
0.866294 0.484979 6.44644e-05 , 
0.866208 0.485129 6.44577e-05 , 
0.866122 0.485279 6.44509e-05 , 
0.866036 0.485428 6.44441e-05 , 
0.86595 0.485578 6.44374e-05 , 
0.865865 0.485728 6.44306e-05 , 
0.865779 0.485878 6.44239e-05 , 
0.865693 0.486027 6.44171e-05 , 
0.865607 0.486177 6.44104e-05 , 
0.865521 0.486327 6.44036e-05 , 
0.865435 0.486476 6.43968e-05 , 
0.865349 0.486626 6.439e-05 , 
0.865263 0.486776 6.43833e-05 , 
0.865176 0.486925 6.43765e-05 , 
0.86509 0.487075 6.43697e-05 , 
0.865004 0.487224 6.4363e-05 , 
0.864918 0.487374 6.43562e-05 , 
0.864832 0.487523 6.43494e-05 , 
0.864746 0.487673 6.43426e-05 , 
0.864659 0.487822 6.43358e-05 , 
0.864573 0.487972 6.4329e-05 , 
0.864487 0.488121 6.43222e-05 , 
0.8644 0.488271 6.43155e-05 , 
0.864314 0.48842 6.43087e-05 , 
0.864228 0.48857 6.43019e-05 , 
0.864141 0.488719 6.42951e-05 , 
0.864055 0.488869 6.42883e-05 , 
0.863968 0.489018 6.42815e-05 , 
0.863882 0.489167 6.42747e-05 , 
0.863795 0.489317 6.42679e-05 , 
0.863709 0.489466 6.42611e-05 , 
0.863622 0.489615 6.42542e-05 , 
0.863536 0.489765 6.42474e-05 , 
0.863449 0.489914 6.42406e-05 , 
0.863362 0.490063 6.42338e-05 , 
0.863276 0.490213 6.4227e-05 , 
0.863189 0.490362 6.42202e-05 , 
0.863102 0.490511 6.42134e-05 , 
0.863016 0.49066 6.42065e-05 , 
0.862929 0.49081 6.41997e-05 , 
0.862842 0.490959 6.41929e-05 , 
0.862755 0.491108 6.41861e-05 , 
0.862668 0.491257 6.41792e-05 , 
0.862581 0.491406 6.41724e-05 , 
0.862495 0.491555 6.41656e-05 , 
0.862408 0.491705 6.41587e-05 , 
0.862321 0.491854 6.41519e-05 , 
0.862234 0.492003 6.4145e-05 , 
0.862147 0.492152 6.41382e-05 , 
0.86206 0.492301 6.41314e-05 , 
0.861973 0.49245 6.41245e-05 , 
0.861885 0.492599 6.41177e-05 , 
0.861798 0.492748 6.41108e-05 , 
0.861711 0.492897 6.4104e-05 , 
0.861624 0.493046 6.40971e-05 , 
0.861537 0.493195 6.40903e-05 , 
0.86145 0.493344 6.40834e-05 , 
0.861362 0.493493 6.40765e-05 , 
0.861275 0.493642 6.40697e-05 , 
0.861188 0.493791 6.40628e-05 , 
0.8611 0.49394 6.4056e-05 , 
0.861013 0.494089 6.40491e-05 , 
0.860926 0.494237 6.40422e-05 , 
0.860838 0.494386 6.40353e-05 , 
0.860751 0.494535 6.40285e-05 , 
0.860663 0.494684 6.40216e-05 , 
0.860576 0.494833 6.40147e-05 , 
0.860488 0.494982 6.40078e-05 , 
0.860401 0.49513 6.4001e-05 , 
0.860313 0.495279 6.39941e-05 , 
0.860226 0.495428 6.39872e-05 , 
0.860138 0.495577 6.39803e-05 , 
0.86005 0.495725 6.39734e-05 , 
0.859963 0.495874 6.39665e-05 , 
0.859875 0.496023 6.39596e-05 , 
0.859787 0.496171 6.39527e-05 , 
0.8597 0.49632 6.39458e-05 , 
0.859612 0.496469 6.39389e-05 , 
0.859524 0.496617 6.3932e-05 , 
0.859436 0.496766 6.39251e-05 , 
0.859348 0.496915 6.39182e-05 , 
0.859261 0.497063 6.39113e-05 , 
0.859173 0.497212 6.39044e-05 , 
0.859085 0.49736 6.38975e-05 , 
0.858997 0.497509 6.38906e-05 , 
0.858909 0.497657 6.38837e-05 , 
0.858821 0.497806 6.38768e-05 , 
0.858733 0.497954 6.38699e-05 , 
0.858645 0.498103 6.38629e-05 , 
0.858557 0.498251 6.3856e-05 , 
0.858468 0.4984 6.38491e-05 , 
0.85838 0.498548 6.38422e-05 , 
0.858292 0.498697 6.38352e-05 , 
0.858204 0.498845 6.38283e-05 , 
0.858116 0.498993 6.38214e-05 , 
0.858028 0.499142 6.38144e-05 , 
0.857939 0.49929 6.38075e-05 , 
0.857851 0.499439 6.38006e-05 , 
0.857763 0.499587 6.37936e-05 , 
0.857674 0.499735 6.37867e-05 , 
0.857586 0.499883 6.37798e-05 , 
0.857498 0.500032 6.37728e-05 , 
0.857409 0.50018 6.37659e-05 , 
0.857321 0.500328 6.37589e-05 , 
0.857232 0.500476 6.3752e-05 , 
0.857144 0.500625 6.3745e-05 , 
0.857055 0.500773 6.37381e-05 , 
0.856967 0.500921 6.37311e-05 , 
0.856878 0.501069 6.37241e-05 , 
0.856789 0.501217 6.37172e-05 , 
0.856701 0.501366 6.37102e-05 , 
0.856612 0.501514 6.37033e-05 , 
0.856523 0.501662 6.36963e-05 , 
0.856435 0.50181 6.36893e-05 , 
0.856346 0.501958 6.36824e-05 , 
0.856257 0.502106 6.36754e-05 , 
0.856168 0.502254 6.36684e-05 , 
0.85608 0.502402 6.36614e-05 , 
0.855991 0.50255 6.36545e-05 , 
0.855902 0.502698 6.36475e-05 , 
0.855813 0.502846 6.36405e-05 , 
0.855724 0.502994 6.36335e-05 , 
0.855635 0.503142 6.36265e-05 , 
0.855546 0.50329 6.36195e-05 , 
0.855457 0.503438 6.36125e-05 , 
0.855368 0.503586 6.36056e-05 , 
0.855279 0.503734 6.35986e-05 , 
0.85519 0.503882 6.35916e-05 , 
0.855101 0.50403 6.35846e-05 , 
0.855012 0.504177 6.35776e-05 , 
0.854923 0.504325 6.35706e-05 , 
0.854833 0.504473 6.35636e-05 , 
0.854744 0.504621 6.35566e-05 , 
0.854655 0.504769 6.35496e-05 , 
0.854566 0.504917 6.35425e-05 , 
0.854476 0.505064 6.35355e-05 , 
0.854387 0.505212 6.35285e-05 , 
0.854298 0.50536 6.35215e-05 , 
0.854208 0.505507 6.35145e-05 , 
0.854119 0.505655 6.35075e-05 , 
0.85403 0.505803 6.35005e-05 , 
0.85394 0.505951 6.34934e-05 , 
0.853851 0.506098 6.34864e-05 , 
0.853761 0.506246 6.34794e-05 , 
0.853672 0.506393 6.34724e-05 , 
0.853582 0.506541 6.34653e-05 , 
0.853493 0.506689 6.34583e-05 , 
0.853403 0.506836 6.34513e-05 , 
0.853313 0.506984 6.34442e-05 , 
0.853224 0.507131 6.34372e-05 , 
0.853134 0.507279 6.34301e-05 , 
0.853044 0.507426 6.34231e-05 , 
0.852955 0.507574 6.34161e-05 , 
0.852865 0.507721 6.3409e-05 , 
0.852775 0.507869 6.3402e-05 , 
0.852685 0.508016 6.33949e-05 , 
0.852596 0.508164 6.33879e-05 , 
0.852506 0.508311 6.33808e-05 , 
0.852416 0.508459 6.33738e-05 , 
0.852326 0.508606 6.33667e-05 , 
0.852236 0.508753 6.33596e-05 , 
0.852146 0.508901 6.33526e-05 , 
0.852056 0.509048 6.33455e-05 , 
0.851966 0.509195 6.33385e-05 , 
0.851876 0.509343 6.33314e-05 , 
0.851786 0.50949 6.33243e-05 , 
0.851696 0.509637 6.33172e-05 , 
0.851606 0.509785 6.33102e-05 , 
0.851516 0.509932 6.33031e-05 , 
0.851425 0.510079 6.3296e-05 , 
0.851335 0.510226 6.32889e-05 , 
0.851245 0.510374 6.32819e-05 , 
0.851155 0.510521 6.32748e-05 , 
0.851064 0.510668 6.32677e-05 , 
0.850974 0.510815 6.32606e-05 , 
0.850884 0.510962 6.32535e-05 , 
0.850793 0.511109 6.32464e-05 , 
0.850703 0.511256 6.32393e-05 , 
0.850613 0.511404 6.32323e-05 , 
0.850522 0.511551 6.32252e-05 , 
0.850432 0.511698 6.32181e-05 , 
0.850341 0.511845 6.3211e-05 , 
0.850251 0.511992 6.32039e-05 , 
0.85016 0.512139 6.31968e-05 , 
0.85007 0.512286 6.31897e-05 , 
0.849979 0.512433 6.31825e-05 , 
0.849889 0.51258 6.31754e-05 , 
0.849798 0.512727 6.31683e-05 , 
0.849707 0.512874 6.31612e-05 , 
0.849617 0.513021 6.31541e-05 , 
0.849526 0.513168 6.3147e-05 , 
0.849435 0.513314 6.31399e-05 , 
0.849344 0.513461 6.31327e-05 , 
0.849254 0.513608 6.31256e-05 , 
0.849163 0.513755 6.31185e-05 , 
0.849072 0.513902 6.31114e-05 , 
0.848981 0.514049 6.31042e-05 , 
0.84889 0.514195 6.30971e-05 , 
0.848799 0.514342 6.309e-05 , 
0.848708 0.514489 6.30828e-05 , 
0.848617 0.514636 6.30757e-05 , 
0.848526 0.514783 6.30686e-05 , 
0.848435 0.514929 6.30614e-05 , 
0.848344 0.515076 6.30543e-05 , 
0.848253 0.515223 6.30471e-05 , 
0.848162 0.515369 6.304e-05 , 
0.848071 0.515516 6.30329e-05 , 
0.84798 0.515663 6.30257e-05 , 
0.847889 0.515809 6.30186e-05 , 
0.847798 0.515956 6.30114e-05 , 
0.847706 0.516102 6.30042e-05 , 
0.847615 0.516249 6.29971e-05 , 
0.847524 0.516396 6.29899e-05 , 
0.847432 0.516542 6.29828e-05 , 
0.847341 0.516689 6.29756e-05 , 
0.84725 0.516835 6.29684e-05 , 
0.847158 0.516982 6.29613e-05 , 
0.847067 0.517128 6.29541e-05 , 
0.846976 0.517275 6.29469e-05 , 
0.846884 0.517421 6.29398e-05 , 
0.846793 0.517568 6.29326e-05 , 
0.846701 0.517714 6.29254e-05 , 
0.84661 0.51786 6.29182e-05 , 
0.846518 0.518007 6.29111e-05 , 
0.846426 0.518153 6.29039e-05 , 
0.846335 0.5183 6.28967e-05 , 
0.846243 0.518446 6.28895e-05 , 
0.846152 0.518592 6.28823e-05 , 
0.84606 0.518739 6.28751e-05 , 
0.845968 0.518885 6.28679e-05 , 
0.845876 0.519031 6.28607e-05 , 
0.845785 0.519177 6.28536e-05 , 
0.845693 0.519324 6.28464e-05 , 
0.845601 0.51947 6.28392e-05 , 
0.845509 0.519616 6.2832e-05 , 
0.845417 0.519762 6.28248e-05 , 
0.845325 0.519909 6.28175e-05 , 
0.845233 0.520055 6.28103e-05 , 
0.845142 0.520201 6.28031e-05 , 
0.84505 0.520347 6.27959e-05 , 
0.844958 0.520493 6.27887e-05 , 
0.844866 0.520639 6.27815e-05 , 
0.844774 0.520785 6.27743e-05 , 
0.844681 0.520931 6.27671e-05 , 
0.844589 0.521077 6.27598e-05 , 
0.844497 0.521224 6.27526e-05 , 
0.844405 0.52137 6.27454e-05 , 
0.844313 0.521516 6.27382e-05 , 
0.844221 0.521662 6.27309e-05 , 
0.844128 0.521808 6.27237e-05 , 
0.844036 0.521953 6.27165e-05 , 
0.843944 0.522099 6.27092e-05 , 
0.843852 0.522245 6.2702e-05 , 
0.843759 0.522391 6.26948e-05 , 
0.843667 0.522537 6.26875e-05 , 
0.843575 0.522683 6.26803e-05 , 
0.843482 0.522829 6.26731e-05 , 
0.84339 0.522975 6.26658e-05 , 
0.843297 0.523121 6.26586e-05 , 
0.843205 0.523266 6.26513e-05 , 
0.843112 0.523412 6.26441e-05 , 
0.84302 0.523558 6.26368e-05 , 
0.842927 0.523704 6.26296e-05 , 
0.842835 0.52385 6.26223e-05 , 
0.842742 0.523995 6.2615e-05 , 
0.842649 0.524141 6.26078e-05 , 
0.842557 0.524287 6.26005e-05 , 
0.842464 0.524433 6.25933e-05 , 
0.842371 0.524578 6.2586e-05 , 
0.842278 0.524724 6.25787e-05 , 
0.842186 0.52487 6.25715e-05 , 
0.842093 0.525015 6.25642e-05 , 
0.842 0.525161 6.25569e-05 , 
0.841907 0.525306 6.25496e-05 , 
0.841814 0.525452 6.25424e-05 , 
0.841721 0.525598 6.25351e-05 , 
0.841629 0.525743 6.25278e-05 , 
0.841536 0.525889 6.25205e-05 , 
0.841443 0.526034 6.25132e-05 , 
0.84135 0.52618 6.25059e-05 , 
0.841257 0.526325 6.24987e-05 , 
0.841164 0.526471 6.24914e-05 , 
0.84107 0.526616 6.24841e-05 , 
0.840977 0.526761 6.24768e-05 , 
0.840884 0.526907 6.24695e-05 , 
0.840791 0.527052 6.24622e-05 , 
0.840698 0.527198 6.24549e-05 , 
0.840605 0.527343 6.24476e-05 , 
0.840511 0.527488 6.24403e-05 , 
0.840418 0.527634 6.2433e-05 , 
0.840325 0.527779 6.24257e-05 , 
0.840232 0.527924 6.24183e-05 , 
0.840138 0.52807 6.2411e-05 , 
0.840045 0.528215 6.24037e-05 , 
0.839952 0.52836 6.23964e-05 , 
0.839858 0.528506 6.23891e-05 , 
0.839765 0.528651 6.23818e-05 , 
0.839671 0.528796 6.23745e-05 , 
0.839578 0.528941 6.23671e-05 , 
0.839484 0.529086 6.23598e-05 , 
0.839391 0.529232 6.23525e-05 , 
0.839297 0.529377 6.23452e-05 , 
0.839204 0.529522 6.23378e-05 , 
0.83911 0.529667 6.23305e-05 , 
0.839016 0.529812 6.23232e-05 , 
0.838923 0.529957 6.23158e-05 , 
0.838829 0.530102 6.23085e-05 , 
0.838735 0.530247 6.23011e-05 , 
0.838642 0.530392 6.22938e-05 , 
0.838548 0.530537 6.22865e-05 , 
0.838454 0.530682 6.22791e-05 , 
0.83836 0.530827 6.22718e-05 , 
0.838266 0.530972 6.22644e-05 , 
0.838172 0.531117 6.22571e-05 , 
0.838079 0.531262 6.22497e-05 , 
0.837985 0.531407 6.22424e-05 , 
0.837891 0.531552 6.2235e-05 , 
0.837797 0.531697 6.22276e-05 , 
0.837703 0.531842 6.22203e-05 , 
0.837609 0.531987 6.22129e-05 , 
0.837515 0.532131 6.22055e-05 , 
0.837421 0.532276 6.21982e-05 , 
0.837326 0.532421 6.21908e-05 , 
0.837232 0.532566 6.21834e-05 , 
0.837138 0.532711 6.21761e-05 , 
0.837044 0.532855 6.21687e-05 , 
0.83695 0.533 6.21613e-05 , 
0.836856 0.533145 6.21539e-05 , 
0.836761 0.53329 6.21466e-05 , 
0.836667 0.533434 6.21392e-05 , 
0.836573 0.533579 6.21318e-05 , 
0.836478 0.533724 6.21244e-05 , 
0.836384 0.533868 6.2117e-05 , 
0.83629 0.534013 6.21096e-05 , 
0.836195 0.534158 6.21022e-05 , 
0.836101 0.534302 6.20949e-05 , 
0.836006 0.534447 6.20875e-05 , 
0.835912 0.534591 6.20801e-05 , 
0.835817 0.534736 6.20727e-05 , 
0.835723 0.53488 6.20653e-05 , 
0.835628 0.535025 6.20579e-05 , 
0.835534 0.535169 6.20505e-05 , 
0.835439 0.535314 6.2043e-05 , 
0.835345 0.535458 6.20356e-05 , 
0.83525 0.535603 6.20282e-05 , 
0.835155 0.535747 6.20208e-05 , 
0.835061 0.535892 6.20134e-05 , 
0.834966 0.536036 6.2006e-05 , 
0.834871 0.536181 6.19986e-05 , 
0.834776 0.536325 6.19912e-05 , 
0.834681 0.536469 6.19837e-05 , 
0.834587 0.536614 6.19763e-05 , 
0.834492 0.536758 6.19689e-05 , 
0.834397 0.536902 6.19615e-05 , 
0.834302 0.537047 6.1954e-05 , 
0.834207 0.537191 6.19466e-05 , 
0.834112 0.537335 6.19392e-05 , 
0.834017 0.537479 6.19317e-05 , 
0.833922 0.537624 6.19243e-05 , 
0.833827 0.537768 6.19169e-05 , 
0.833732 0.537912 6.19094e-05 , 
0.833637 0.538056 6.1902e-05 , 
0.833542 0.5382 6.18945e-05 , 
0.833447 0.538344 6.18871e-05 , 
0.833351 0.538489 6.18796e-05 , 
0.833256 0.538633 6.18722e-05 , 
0.833161 0.538777 6.18647e-05 , 
0.833066 0.538921 6.18573e-05 , 
0.832971 0.539065 6.18498e-05 , 
0.832875 0.539209 6.18424e-05 , 
0.83278 0.539353 6.18349e-05 , 
0.832685 0.539497 6.18275e-05 , 
0.832589 0.539641 6.182e-05 , 
0.832494 0.539785 6.18125e-05 , 
0.832398 0.539929 6.18051e-05 , 
0.832303 0.540073 6.17976e-05 , 
0.832207 0.540217 6.17901e-05 , 
0.832112 0.540361 6.17826e-05 , 
0.832016 0.540505 6.17752e-05 , 
0.831921 0.540648 6.17677e-05 , 
0.831825 0.540792 6.17602e-05 , 
0.83173 0.540936 6.17527e-05 , 
0.831634 0.54108 6.17453e-05 , 
0.831538 0.541224 6.17378e-05 , 
0.831443 0.541368 6.17303e-05 , 
0.831347 0.541511 6.17228e-05 , 
0.831251 0.541655 6.17153e-05 , 
0.831156 0.541799 6.17078e-05 , 
0.83106 0.541943 6.17003e-05 , 
0.830964 0.542086 6.16928e-05 , 
0.830868 0.54223 6.16853e-05 , 
0.830772 0.542374 6.16778e-05 , 
0.830677 0.542517 6.16703e-05 , 
0.830581 0.542661 6.16628e-05 , 
0.830485 0.542805 6.16553e-05 , 
0.830389 0.542948 6.16478e-05 , 
0.830293 0.543092 6.16403e-05 , 
0.830197 0.543236 6.16328e-05 , 
0.830101 0.543379 6.16253e-05 , 
0.830005 0.543523 6.16178e-05 , 
0.829909 0.543666 6.16103e-05 , 
0.829812 0.54381 6.16028e-05 , 
0.829716 0.543953 6.15952e-05 , 
0.82962 0.544097 6.15877e-05 , 
0.829524 0.54424 6.15802e-05 , 
0.829428 0.544384 6.15727e-05 , 
0.829332 0.544527 6.15651e-05 , 
0.829235 0.54467 6.15576e-05 , 
0.829139 0.544814 6.15501e-05 , 
0.829043 0.544957 6.15425e-05 , 
0.828946 0.545101 6.1535e-05 , 
0.82885 0.545244 6.15275e-05 , 
0.828754 0.545387 6.15199e-05 , 
0.828657 0.545531 6.15124e-05 , 
0.828561 0.545674 6.15049e-05 , 
0.828464 0.545817 6.14973e-05 , 
0.828368 0.54596 6.14898e-05 , 
0.828271 0.546104 6.14822e-05 , 
0.828175 0.546247 6.14747e-05 , 
0.828078 0.54639 6.14671e-05 , 
0.827982 0.546533 6.14596e-05 , 
0.827885 0.546677 6.1452e-05 , 
0.827789 0.54682 6.14445e-05 , 
0.827692 0.546963 6.14369e-05 , 
0.827595 0.547106 6.14293e-05 , 
0.827498 0.547249 6.14218e-05 , 
0.827402 0.547392 6.14142e-05 , 
0.827305 0.547535 6.14066e-05 , 
0.827208 0.547678 6.13991e-05 , 
0.827111 0.547821 6.13915e-05 , 
0.827015 0.547965 6.13839e-05 , 
0.826918 0.548108 6.13764e-05 , 
0.826821 0.548251 6.13688e-05 , 
0.826724 0.548394 6.13612e-05 , 
0.826627 0.548536 6.13536e-05 , 
0.82653 0.548679 6.13461e-05 , 
0.826433 0.548822 6.13385e-05 , 
0.826336 0.548965 6.13309e-05 , 
0.826239 0.549108 6.13233e-05 , 
0.826142 0.549251 6.13157e-05 , 
0.826045 0.549394 6.13081e-05 , 
0.825948 0.549537 6.13005e-05 , 
0.825851 0.54968 6.12929e-05 , 
0.825753 0.549822 6.12853e-05 , 
0.825656 0.549965 6.12777e-05 , 
0.825559 0.550108 6.12701e-05 , 
0.825462 0.550251 6.12625e-05 , 
0.825365 0.550394 6.12549e-05 , 
0.825267 0.550536 6.12473e-05 , 
0.82517 0.550679 6.12397e-05 , 
0.825073 0.550822 6.12321e-05 , 
0.824975 0.550964 6.12245e-05 , 
0.824878 0.551107 6.12169e-05 , 
0.82478 0.55125 6.12093e-05 , 
0.824683 0.551392 6.12017e-05 , 
0.824586 0.551535 6.1194e-05 , 
0.824488 0.551678 6.11864e-05 , 
0.824391 0.55182 6.11788e-05 , 
0.824293 0.551963 6.11712e-05 , 
0.824195 0.552105 6.11635e-05 , 
0.824098 0.552248 6.11559e-05 , 
0.824 0.55239 6.11483e-05 , 
0.823903 0.552533 6.11407e-05 , 
0.823805 0.552675 6.1133e-05 , 
0.823707 0.552818 6.11254e-05 , 
0.823609 0.55296 6.11178e-05 , 
0.823512 0.553103 6.11101e-05 , 
0.823414 0.553245 6.11025e-05 , 
0.823316 0.553387 6.10948e-05 , 
0.823218 0.55353 6.10872e-05 , 
0.823121 0.553672 6.10795e-05 , 
0.823023 0.553815 6.10719e-05 , 
0.822925 0.553957 6.10642e-05 , 
0.822827 0.554099 6.10566e-05 , 
0.822729 0.554242 6.10489e-05 , 
0.822631 0.554384 6.10413e-05 , 
0.822533 0.554526 6.10336e-05 , 
0.822435 0.554668 6.1026e-05 , 
0.822337 0.554811 6.10183e-05 , 
0.822239 0.554953 6.10106e-05 , 
0.822141 0.555095 6.1003e-05 , 
0.822043 0.555237 6.09953e-05 , 
0.821945 0.555379 6.09876e-05 , 
0.821846 0.555521 6.098e-05 , 
0.821748 0.555664 6.09723e-05 , 
0.82165 0.555806 6.09646e-05 , 
0.821552 0.555948 6.0957e-05 , 
0.821453 0.55609 6.09493e-05 , 
0.821355 0.556232 6.09416e-05 , 
0.821257 0.556374 6.09339e-05 , 
0.821158 0.556516 6.09262e-05 , 
0.82106 0.556658 6.09185e-05 , 
0.820962 0.5568 6.09109e-05 , 
0.820863 0.556942 6.09032e-05 , 
0.820765 0.557084 6.08955e-05 , 
0.820666 0.557226 6.08878e-05 , 
0.820568 0.557368 6.08801e-05 , 
0.820469 0.55751 6.08724e-05 , 
0.820371 0.557652 6.08647e-05 , 
0.820272 0.557793 6.0857e-05 , 
0.820174 0.557935 6.08493e-05 , 
0.820075 0.558077 6.08416e-05 , 
0.819976 0.558219 6.08339e-05 , 
0.819878 0.558361 6.08262e-05 , 
0.819779 0.558503 6.08185e-05 , 
0.81968 0.558644 6.08108e-05 , 
0.819582 0.558786 6.0803e-05 , 
0.819483 0.558928 6.07953e-05 , 
0.819384 0.55907 6.07876e-05 , 
0.819285 0.559211 6.07799e-05 , 
0.819186 0.559353 6.07722e-05 , 
0.819088 0.559495 6.07645e-05 , 
0.818989 0.559636 6.07567e-05 , 
0.81889 0.559778 6.0749e-05 , 
0.818791 0.55992 6.07413e-05 , 
0.818692 0.560061 6.07335e-05 , 
0.818593 0.560203 6.07258e-05 , 
0.818494 0.560344 6.07181e-05 , 
0.818395 0.560486 6.07103e-05 , 
0.818296 0.560627 6.07026e-05 , 
0.818197 0.560769 6.06949e-05 , 
0.818098 0.56091 6.06871e-05 , 
0.817998 0.561052 6.06794e-05 , 
0.817899 0.561193 6.06716e-05 , 
0.8178 0.561335 6.06639e-05 , 
0.817701 0.561476 6.06561e-05 , 
0.817602 0.561618 6.06484e-05 , 
0.817502 0.561759 6.06406e-05 , 
0.817403 0.5619 6.06329e-05 , 
0.817304 0.562042 6.06251e-05 , 
0.817204 0.562183 6.06174e-05 , 
0.817105 0.562324 6.06096e-05 , 
0.817006 0.562466 6.06019e-05 , 
0.816906 0.562607 6.05941e-05 , 
0.816807 0.562748 6.05863e-05 , 
0.816707 0.56289 6.05786e-05 , 
0.816608 0.563031 6.05708e-05 , 
0.816508 0.563172 6.0563e-05 , 
0.816409 0.563313 6.05553e-05 , 
0.816309 0.563454 6.05475e-05 , 
0.81621 0.563596 6.05397e-05 , 
0.81611 0.563737 6.05319e-05 , 
0.81601 0.563878 6.05241e-05 , 
0.815911 0.564019 6.05164e-05 , 
0.815811 0.56416 6.05086e-05 , 
0.815711 0.564301 6.05008e-05 , 
0.815612 0.564442 6.0493e-05 , 
0.815512 0.564583 6.04852e-05 , 
0.815412 0.564724 6.04774e-05 , 
0.815312 0.564865 6.04696e-05 , 
0.815212 0.565006 6.04618e-05 , 
0.815113 0.565147 6.0454e-05 , 
0.815013 0.565288 6.04462e-05 , 
0.814913 0.565429 6.04384e-05 , 
0.814813 0.56557 6.04306e-05 , 
0.814713 0.565711 6.04228e-05 , 
0.814613 0.565852 6.0415e-05 , 
0.814513 0.565993 6.04072e-05 , 
0.814413 0.566134 6.03994e-05 , 
0.814313 0.566275 6.03916e-05 , 
0.814213 0.566415 6.03838e-05 , 
0.814113 0.566556 6.0376e-05 , 
0.814012 0.566697 6.03682e-05 , 
0.813912 0.566838 6.03603e-05 , 
0.813812 0.566979 6.03525e-05 , 
0.813712 0.567119 6.03447e-05 , 
0.813612 0.56726 6.03369e-05 , 
0.813511 0.567401 6.03291e-05 , 
0.813411 0.567541 6.03212e-05 , 
0.813311 0.567682 6.03134e-05 , 
0.81321 0.567823 6.03056e-05 , 
0.81311 0.567963 6.02977e-05 , 
0.81301 0.568104 6.02899e-05 , 
0.812909 0.568245 6.02821e-05 , 
0.812809 0.568385 6.02742e-05 , 
0.812708 0.568526 6.02664e-05 , 
0.812608 0.568666 6.02585e-05 , 
0.812507 0.568807 6.02507e-05 , 
0.812407 0.568947 6.02429e-05 , 
0.812306 0.569088 6.0235e-05 , 
0.812206 0.569228 6.02272e-05 , 
0.812105 0.569369 6.02193e-05 , 
0.812005 0.569509 6.02115e-05 , 
0.811904 0.56965 6.02036e-05 , 
0.811803 0.56979 6.01957e-05 , 
0.811702 0.569931 6.01879e-05 , 
0.811602 0.570071 6.018e-05 , 
0.811501 0.570211 6.01722e-05 , 
0.8114 0.570352 6.01643e-05 , 
0.811299 0.570492 6.01564e-05 , 
0.811199 0.570632 6.01486e-05 , 
0.811098 0.570773 6.01407e-05 , 
0.810997 0.570913 6.01328e-05 , 
0.810896 0.571053 6.01249e-05 , 
0.810795 0.571193 6.01171e-05 , 
0.810694 0.571334 6.01092e-05 , 
0.810593 0.571474 6.01013e-05 , 
0.810492 0.571614 6.00934e-05 , 
0.810391 0.571754 6.00856e-05 , 
0.81029 0.571894 6.00777e-05 , 
0.810189 0.572034 6.00698e-05 , 
0.810088 0.572175 6.00619e-05 , 
0.809987 0.572315 6.0054e-05 , 
0.809886 0.572455 6.00461e-05 , 
0.809784 0.572595 6.00382e-05 , 
0.809683 0.572735 6.00303e-05 , 
0.809582 0.572875 6.00224e-05 , 
0.809481 0.573015 6.00145e-05 , 
0.809379 0.573155 6.00066e-05 , 
0.809278 0.573295 5.99987e-05 , 
0.809177 0.573435 5.99908e-05 , 
0.809075 0.573575 5.99829e-05 , 
0.808974 0.573715 5.9975e-05 , 
0.808873 0.573855 5.99671e-05 , 
0.808771 0.573994 5.99592e-05 , 
0.80867 0.574134 5.99513e-05 , 
0.808568 0.574274 5.99434e-05 , 
0.808467 0.574414 5.99354e-05 , 
0.808365 0.574554 5.99275e-05 , 
0.808264 0.574694 5.99196e-05 , 
0.808162 0.574833 5.99117e-05 , 
0.808061 0.574973 5.99038e-05 , 
0.807959 0.575113 5.98958e-05 , 
0.807857 0.575253 5.98879e-05 , 
0.807756 0.575392 5.988e-05 , 
0.807654 0.575532 5.9872e-05 , 
0.807552 0.575672 5.98641e-05 , 
0.807451 0.575811 5.98562e-05 , 
0.807349 0.575951 5.98482e-05 , 
0.807247 0.576091 5.98403e-05 , 
0.807145 0.57623 5.98323e-05 , 
0.807043 0.57637 5.98244e-05 , 
0.806942 0.57651 5.98165e-05 , 
0.80684 0.576649 5.98085e-05 , 
0.806738 0.576789 5.98006e-05 , 
0.806636 0.576928 5.97926e-05 , 
0.806534 0.577068 5.97847e-05 , 
0.806432 0.577207 5.97767e-05 , 
0.80633 0.577347 5.97688e-05 , 
0.806228 0.577486 5.97608e-05 , 
0.806126 0.577625 5.97528e-05 , 
0.806024 0.577765 5.97449e-05 , 
0.805922 0.577904 5.97369e-05 , 
0.805819 0.578044 5.97289e-05 , 
0.805717 0.578183 5.9721e-05 , 
0.805615 0.578322 5.9713e-05 , 
0.805513 0.578462 5.9705e-05 , 
0.805411 0.578601 5.96971e-05 , 
0.805308 0.57874 5.96891e-05 , 
0.805206 0.57888 5.96811e-05 , 
0.805104 0.579019 5.96731e-05 , 
0.805001 0.579158 5.96652e-05 , 
0.804899 0.579297 5.96572e-05 , 
0.804797 0.579437 5.96492e-05 , 
0.804694 0.579576 5.96412e-05 , 
0.804592 0.579715 5.96332e-05 , 
0.804489 0.579854 5.96252e-05 , 
0.804387 0.579993 5.96173e-05 , 
0.804284 0.580132 5.96093e-05 , 
0.804182 0.580271 5.96013e-05 , 
0.804079 0.58041 5.95933e-05 , 
0.803977 0.58055 5.95853e-05 , 
0.803874 0.580689 5.95773e-05 , 
0.803772 0.580828 5.95693e-05 , 
0.803669 0.580967 5.95613e-05 , 
0.803566 0.581106 5.95533e-05 , 
0.803463 0.581245 5.95453e-05 , 
0.803361 0.581384 5.95373e-05 , 
0.803258 0.581522 5.95292e-05 , 
0.803155 0.581661 5.95212e-05 , 
0.803052 0.5818 5.95132e-05 , 
0.80295 0.581939 5.95052e-05 , 
0.802847 0.582078 5.94972e-05 , 
0.802744 0.582217 5.94892e-05 , 
0.802641 0.582356 5.94811e-05 , 
0.802538 0.582495 5.94731e-05 , 
0.802435 0.582633 5.94651e-05 , 
0.802332 0.582772 5.94571e-05 , 
0.802229 0.582911 5.9449e-05 , 
0.802126 0.58305 5.9441e-05 , 
0.802023 0.583188 5.9433e-05 , 
0.80192 0.583327 5.94249e-05 , 
0.801817 0.583466 5.94169e-05 , 
0.801714 0.583604 5.94089e-05 , 
0.801611 0.583743 5.94008e-05 , 
0.801508 0.583882 5.93928e-05 , 
0.801404 0.58402 5.93847e-05 , 
0.801301 0.584159 5.93767e-05 , 
0.801198 0.584298 5.93687e-05 , 
0.801095 0.584436 5.93606e-05 , 
0.800991 0.584575 5.93526e-05 , 
0.800888 0.584713 5.93445e-05 , 
0.800785 0.584852 5.93365e-05 , 
0.800681 0.58499 5.93284e-05 , 
0.800578 0.585129 5.93203e-05 , 
0.800475 0.585267 5.93123e-05 , 
0.800371 0.585406 5.93042e-05 , 
0.800268 0.585544 5.92962e-05 , 
0.800164 0.585682 5.92881e-05 , 
0.800061 0.585821 5.928e-05 , 
0.799957 0.585959 5.9272e-05 , 
0.799854 0.586097 5.92639e-05 , 
0.79975 0.586236 5.92558e-05 , 
0.799646 0.586374 5.92477e-05 , 
0.799543 0.586512 5.92397e-05 , 
0.799439 0.586651 5.92316e-05 , 
0.799335 0.586789 5.92235e-05 , 
0.799232 0.586927 5.92154e-05 , 
0.799128 0.587065 5.92073e-05 , 
0.799024 0.587204 5.91993e-05 , 
0.798921 0.587342 5.91912e-05 , 
0.798817 0.58748 5.91831e-05 , 
0.798713 0.587618 5.9175e-05 , 
0.798609 0.587756 5.91669e-05 , 
0.798505 0.587894 5.91588e-05 , 
0.798401 0.588033 5.91507e-05 , 
0.798297 0.588171 5.91426e-05 , 
0.798193 0.588309 5.91345e-05 , 
0.798089 0.588447 5.91264e-05 , 
0.797985 0.588585 5.91183e-05 , 
0.797881 0.588723 5.91102e-05 , 
0.797777 0.588861 5.91021e-05 , 
0.797673 0.588999 5.9094e-05 , 
0.797569 0.589137 5.90859e-05 , 
0.797465 0.589275 5.90778e-05 , 
0.797361 0.589413 5.90697e-05 , 
0.797257 0.58955 5.90616e-05 , 
0.797153 0.589688 5.90534e-05 , 
0.797048 0.589826 5.90453e-05 , 
0.796944 0.589964 5.90372e-05 , 
0.79684 0.590102 5.90291e-05 , 
0.796736 0.59024 5.9021e-05 , 
0.796631 0.590378 5.90128e-05 , 
0.796527 0.590515 5.90047e-05 , 
0.796423 0.590653 5.89966e-05 , 
0.796318 0.590791 5.89884e-05 , 
0.796214 0.590929 5.89803e-05 , 
0.796109 0.591066 5.89722e-05 , 
0.796005 0.591204 5.8964e-05 , 
0.7959 0.591342 5.89559e-05 , 
0.795796 0.591479 5.89478e-05 , 
0.795691 0.591617 5.89396e-05 , 
0.795587 0.591754 5.89315e-05 , 
0.795482 0.591892 5.89233e-05 , 
0.795378 0.59203 5.89152e-05 , 
0.795273 0.592167 5.8907e-05 , 
0.795168 0.592305 5.88989e-05 , 
0.795064 0.592442 5.88907e-05 , 
0.794959 0.59258 5.88826e-05 , 
0.794854 0.592717 5.88744e-05 , 
0.79475 0.592855 5.88663e-05 , 
0.794645 0.592992 5.88581e-05 , 
0.79454 0.59313 5.88499e-05 , 
0.794435 0.593267 5.88418e-05 , 
0.79433 0.593404 5.88336e-05 , 
0.794226 0.593542 5.88254e-05 , 
0.794121 0.593679 5.88173e-05 , 
0.794016 0.593817 5.88091e-05 , 
0.793911 0.593954 5.88009e-05 , 
0.793806 0.594091 5.87927e-05 , 
0.793701 0.594228 5.87846e-05 , 
0.793596 0.594366 5.87764e-05 , 
0.793491 0.594503 5.87682e-05 , 
0.793386 0.59464 5.876e-05 , 
0.793281 0.594777 5.87518e-05 , 
0.793175 0.594915 5.87437e-05 , 
0.79307 0.595052 5.87355e-05 , 
0.792965 0.595189 5.87273e-05 , 
0.79286 0.595326 5.87191e-05 , 
0.792755 0.595463 5.87109e-05 , 
0.79265 0.5956 5.87027e-05 , 
0.792544 0.595737 5.86945e-05 , 
0.792439 0.595875 5.86863e-05 , 
0.792334 0.596012 5.86781e-05 , 
0.792228 0.596149 5.86699e-05 , 
0.792123 0.596286 5.86617e-05 , 
0.792018 0.596423 5.86535e-05 , 
0.791912 0.59656 5.86453e-05 , 
0.791807 0.596697 5.86371e-05 , 
0.791701 0.596834 5.86289e-05 , 
0.791596 0.59697 5.86207e-05 , 
0.79149 0.597107 5.86125e-05 , 
0.791385 0.597244 5.86042e-05 , 
0.791279 0.597381 5.8596e-05 , 
0.791174 0.597518 5.85878e-05 , 
0.791068 0.597655 5.85796e-05 , 
0.790963 0.597792 5.85714e-05 , 
0.790857 0.597928 5.85631e-05 , 
0.790751 0.598065 5.85549e-05 , 
0.790646 0.598202 5.85467e-05 , 
0.79054 0.598339 5.85385e-05 , 
0.790434 0.598475 5.85302e-05 , 
0.790328 0.598612 5.8522e-05 , 
0.790223 0.598749 5.85138e-05 , 
0.790117 0.598886 5.85055e-05 , 
0.790011 0.599022 5.84973e-05 , 
0.789905 0.599159 5.8489e-05 , 
0.789799 0.599295 5.84808e-05 , 
0.789693 0.599432 5.84725e-05 , 
0.789587 0.599569 5.84643e-05 , 
0.789481 0.599705 5.84561e-05 , 
0.789375 0.599842 5.84478e-05 , 
0.789269 0.599978 5.84396e-05 , 
0.789163 0.600115 5.84313e-05 , 
0.789057 0.600251 5.8423e-05 , 
0.788951 0.600388 5.84148e-05 , 
0.788845 0.600524 5.84065e-05 , 
0.788739 0.600661 5.83983e-05 , 
0.788633 0.600797 5.839e-05 , 
0.788527 0.600933 5.83817e-05 , 
0.788421 0.60107 5.83735e-05 , 
0.788314 0.601206 5.83652e-05 , 
0.788208 0.601342 5.83569e-05 , 
0.788102 0.601479 5.83487e-05 , 
0.787996 0.601615 5.83404e-05 , 
0.787889 0.601751 5.83321e-05 , 
0.787783 0.601888 5.83238e-05 , 
0.787676 0.602024 5.83156e-05 , 
0.78757 0.60216 5.83073e-05 , 
0.787464 0.602296 5.8299e-05 , 
0.787357 0.602433 5.82907e-05 , 
0.787251 0.602569 5.82824e-05 , 
0.787144 0.602705 5.82742e-05 , 
0.787038 0.602841 5.82659e-05 , 
0.786931 0.602977 5.82576e-05 , 
0.786825 0.603113 5.82493e-05 , 
0.786718 0.603249 5.8241e-05 , 
0.786612 0.603385 5.82327e-05 , 
0.786505 0.603521 5.82244e-05 , 
0.786398 0.603657 5.82161e-05 , 
0.786292 0.603793 5.82078e-05 , 
0.786185 0.603929 5.81995e-05 , 
0.786078 0.604065 5.81912e-05 , 
0.785971 0.604201 5.81829e-05 , 
0.785865 0.604337 5.81746e-05 , 
0.785758 0.604473 5.81663e-05 , 
0.785651 0.604609 5.8158e-05 , 
0.785544 0.604745 5.81496e-05 , 
0.785437 0.604881 5.81413e-05 , 
0.78533 0.605017 5.8133e-05 , 
0.785223 0.605153 5.81247e-05 , 
0.785117 0.605288 5.81164e-05 , 
0.78501 0.605424 5.8108e-05 , 
0.784903 0.60556 5.80997e-05 , 
0.784796 0.605696 5.80914e-05 , 
0.784689 0.605831 5.80831e-05 , 
0.784581 0.605967 5.80747e-05 , 
0.784474 0.606103 5.80664e-05 , 
0.784367 0.606238 5.80581e-05 , 
0.78426 0.606374 5.80497e-05 , 
0.784153 0.60651 5.80414e-05 , 
0.784046 0.606645 5.80331e-05 , 
0.783939 0.606781 5.80247e-05 , 
0.783831 0.606917 5.80164e-05 , 
0.783724 0.607052 5.8008e-05 , 
0.783617 0.607188 5.79997e-05 , 
0.78351 0.607323 5.79913e-05 , 
0.783402 0.607459 5.7983e-05 , 
0.783295 0.607594 5.79746e-05 , 
0.783188 0.60773 5.79663e-05 , 
0.78308 0.607865 5.79579e-05 , 
0.782973 0.608001 5.79496e-05 , 
0.782865 0.608136 5.79412e-05 , 
0.782758 0.608271 5.79329e-05 , 
0.78265 0.608407 5.79245e-05 , 
0.782543 0.608542 5.79161e-05 , 
0.782435 0.608678 5.79078e-05 , 
0.782328 0.608813 5.78994e-05 , 
0.78222 0.608948 5.7891e-05 , 
0.782112 0.609083 5.78827e-05 , 
0.782005 0.609219 5.78743e-05 , 
0.781897 0.609354 5.78659e-05 , 
0.78179 0.609489 5.78575e-05 , 
0.781682 0.609624 5.78492e-05 , 
0.781574 0.60976 5.78408e-05 , 
0.781466 0.609895 5.78324e-05 , 
0.781359 0.61003 5.7824e-05 , 
0.781251 0.610165 5.78156e-05 , 
0.781143 0.6103 5.78073e-05 , 
0.781035 0.610435 5.77989e-05 , 
0.780927 0.61057 5.77905e-05 , 
0.780819 0.610705 5.77821e-05 , 
0.780711 0.61084 5.77737e-05 , 
0.780603 0.610976 5.77653e-05 , 
0.780495 0.611111 5.77569e-05 , 
0.780387 0.611246 5.77485e-05 , 
0.780279 0.61138 5.77401e-05 , 
0.780171 0.611515 5.77317e-05 , 
0.780063 0.61165 5.77233e-05 , 
0.779955 0.611785 5.77149e-05 , 
0.779847 0.61192 5.77065e-05 , 
0.779739 0.612055 5.76981e-05 , 
0.779631 0.61219 5.76897e-05 , 
0.779523 0.612325 5.76813e-05 , 
0.779414 0.61246 5.76728e-05 , 
0.779306 0.612594 5.76644e-05 , 
0.779198 0.612729 5.7656e-05 , 
0.77909 0.612864 5.76476e-05 , 
0.778981 0.612999 5.76392e-05 , 
0.778873 0.613133 5.76307e-05 , 
0.778765 0.613268 5.76223e-05 , 
0.778656 0.613403 5.76139e-05 , 
0.778548 0.613537 5.76055e-05 , 
0.77844 0.613672 5.7597e-05 , 
0.778331 0.613807 5.75886e-05 , 
0.778223 0.613941 5.75802e-05 , 
0.778114 0.614076 5.75717e-05 , 
0.778006 0.614211 5.75633e-05 , 
0.777897 0.614345 5.75549e-05 , 
0.777789 0.61448 5.75464e-05 , 
0.77768 0.614614 5.7538e-05 , 
0.777571 0.614749 5.75295e-05 , 
0.777463 0.614883 5.75211e-05 , 
0.777354 0.615018 5.75126e-05 , 
0.777245 0.615152 5.75042e-05 , 
0.777137 0.615287 5.74957e-05 , 
0.777028 0.615421 5.74873e-05 , 
0.776919 0.615555 5.74788e-05 , 
0.77681 0.61569 5.74704e-05 , 
0.776702 0.615824 5.74619e-05 , 
0.776593 0.615958 5.74534e-05 , 
0.776484 0.616093 5.7445e-05 , 
0.776375 0.616227 5.74365e-05 , 
0.776266 0.616361 5.74281e-05 , 
0.776157 0.616496 5.74196e-05 , 
0.776048 0.61663 5.74111e-05 , 
0.775939 0.616764 5.74026e-05 , 
0.77583 0.616898 5.73942e-05 , 
0.775721 0.617032 5.73857e-05 , 
0.775612 0.617167 5.73772e-05 , 
0.775503 0.617301 5.73687e-05 , 
0.775394 0.617435 5.73603e-05 , 
0.775285 0.617569 5.73518e-05 , 
0.775176 0.617703 5.73433e-05 , 
0.775067 0.617837 5.73348e-05 , 
0.774958 0.617971 5.73263e-05 , 
0.774848 0.618105 5.73178e-05 , 
0.774739 0.618239 5.73094e-05 , 
0.77463 0.618373 5.73009e-05 , 
0.774521 0.618507 5.72924e-05 , 
0.774411 0.618641 5.72839e-05 , 
0.774302 0.618775 5.72754e-05 , 
0.774193 0.618909 5.72669e-05 , 
0.774083 0.619043 5.72584e-05 , 
0.773974 0.619177 5.72499e-05 , 
0.773864 0.619311 5.72414e-05 , 
0.773755 0.619444 5.72329e-05 , 
0.773646 0.619578 5.72244e-05 , 
0.773536 0.619712 5.72159e-05 , 
0.773427 0.619846 5.72073e-05 , 
0.773317 0.61998 5.71988e-05 , 
0.773207 0.620113 5.71903e-05 , 
0.773098 0.620247 5.71818e-05 , 
0.772988 0.620381 5.71733e-05 , 
0.772879 0.620515 5.71648e-05 , 
0.772769 0.620648 5.71562e-05 , 
0.772659 0.620782 5.71477e-05 , 
0.77255 0.620916 5.71392e-05 , 
0.77244 0.621049 5.71307e-05 , 
0.77233 0.621183 5.71221e-05 , 
0.77222 0.621316 5.71136e-05 , 
0.772111 0.62145 5.71051e-05 , 
0.772001 0.621583 5.70965e-05 , 
0.771891 0.621717 5.7088e-05 , 
0.771781 0.62185 5.70795e-05 , 
0.771671 0.621984 5.70709e-05 , 
0.771561 0.622117 5.70624e-05 , 
0.771451 0.622251 5.70538e-05 , 
0.771341 0.622384 5.70453e-05 , 
0.771231 0.622518 5.70368e-05 , 
0.771121 0.622651 5.70282e-05 , 
0.771011 0.622784 5.70197e-05 , 
0.770901 0.622918 5.70111e-05 , 
0.770791 0.623051 5.70026e-05 , 
0.770681 0.623184 5.6994e-05 , 
0.770571 0.623318 5.69854e-05 , 
0.770461 0.623451 5.69769e-05 , 
0.770351 0.623584 5.69683e-05 , 
0.77024 0.623717 5.69598e-05 , 
0.77013 0.623851 5.69512e-05 , 
0.77002 0.623984 5.69426e-05 , 
0.76991 0.624117 5.69341e-05 , 
0.769799 0.62425 5.69255e-05 , 
0.769689 0.624383 5.69169e-05 , 
0.769579 0.624516 5.69084e-05 , 
0.769468 0.62465 5.68998e-05 , 
0.769358 0.624783 5.68912e-05 , 
0.769248 0.624916 5.68826e-05 , 
0.769137 0.625049 5.68741e-05 , 
0.769027 0.625182 5.68655e-05 , 
0.768916 0.625315 5.68569e-05 , 
0.768806 0.625448 5.68483e-05 , 
0.768695 0.625581 5.68397e-05 , 
0.768585 0.625714 5.68311e-05 , 
0.768474 0.625847 5.68225e-05 , 
0.768364 0.62598 5.6814e-05 , 
0.768253 0.626112 5.68054e-05 , 
0.768142 0.626245 5.67968e-05 , 
0.768032 0.626378 5.67882e-05 , 
0.767921 0.626511 5.67796e-05 , 
0.76781 0.626644 5.6771e-05 , 
0.7677 0.626777 5.67624e-05 , 
0.767589 0.626909 5.67538e-05 , 
0.767478 0.627042 5.67452e-05 , 
0.767367 0.627175 5.67366e-05 , 
0.767256 0.627308 5.6728e-05 , 
0.767145 0.62744 5.67193e-05 , 
0.767035 0.627573 5.67107e-05 , 
0.766924 0.627706 5.67021e-05 , 
0.766813 0.627838 5.66935e-05 , 
0.766702 0.627971 5.66849e-05 , 
0.766591 0.628104 5.66763e-05 , 
0.76648 0.628236 5.66676e-05 , 
0.766369 0.628369 5.6659e-05 , 
0.766258 0.628501 5.66504e-05 , 
0.766147 0.628634 5.66418e-05 , 
0.766036 0.628766 5.66331e-05 , 
0.765925 0.628899 5.66245e-05 , 
0.765813 0.629031 5.66159e-05 , 
0.765702 0.629164 5.66073e-05 , 
0.765591 0.629296 5.65986e-05 , 
0.76548 0.629429 5.659e-05 , 
0.765369 0.629561 5.65813e-05 , 
0.765257 0.629693 5.65727e-05 , 
0.765146 0.629826 5.65641e-05 , 
0.765035 0.629958 5.65554e-05 , 
0.764924 0.63009 5.65468e-05 , 
0.764812 0.630223 5.65381e-05 , 
0.764701 0.630355 5.65295e-05 , 
0.764589 0.630487 5.65208e-05 , 
0.764478 0.630619 5.65122e-05 , 
0.764367 0.630752 5.65035e-05 , 
0.764255 0.630884 5.64949e-05 , 
0.764144 0.631016 5.64862e-05 , 
0.764032 0.631148 5.64776e-05 , 
0.763921 0.63128 5.64689e-05 , 
0.763809 0.631412 5.64602e-05 , 
0.763697 0.631545 5.64516e-05 , 
0.763586 0.631677 5.64429e-05 , 
0.763474 0.631809 5.64342e-05 , 
0.763363 0.631941 5.64256e-05 , 
0.763251 0.632073 5.64169e-05 , 
0.763139 0.632205 5.64082e-05 , 
0.763028 0.632337 5.63996e-05 , 
0.762916 0.632469 5.63909e-05 , 
0.762804 0.632601 5.63822e-05 , 
0.762692 0.632733 5.63735e-05 , 
0.76258 0.632865 5.63648e-05 , 
0.762469 0.632996 5.63562e-05 , 
0.762357 0.633128 5.63475e-05 , 
0.762245 0.63326 5.63388e-05 , 
0.762133 0.633392 5.63301e-05 , 
0.762021 0.633524 5.63214e-05 , 
0.761909 0.633656 5.63127e-05 , 
0.761797 0.633787 5.6304e-05 , 
0.761685 0.633919 5.62953e-05 , 
0.761573 0.634051 5.62866e-05 , 
0.761461 0.634183 5.62779e-05 , 
0.761349 0.634314 5.62692e-05 , 
0.761237 0.634446 5.62605e-05 , 
0.761125 0.634578 5.62518e-05 , 
0.761013 0.634709 5.62431e-05 , 
0.7609 0.634841 5.62344e-05 , 
0.760788 0.634973 5.62257e-05 , 
0.760676 0.635104 5.6217e-05 , 
0.760564 0.635236 5.62083e-05 , 
0.760452 0.635367 5.61996e-05 , 
0.760339 0.635499 5.61909e-05 , 
0.760227 0.63563 5.61821e-05 , 
0.760115 0.635762 5.61734e-05 , 
0.760002 0.635893 5.61647e-05 , 
0.75989 0.636025 5.6156e-05 , 
0.759778 0.636156 5.61473e-05 , 
0.759665 0.636287 5.61385e-05 , 
0.759553 0.636419 5.61298e-05 , 
0.75944 0.63655 5.61211e-05 , 
0.759328 0.636682 5.61123e-05 , 
0.759215 0.636813 5.61036e-05 , 
0.759103 0.636944 5.60949e-05 , 
0.75899 0.637076 5.60861e-05 , 
0.758878 0.637207 5.60774e-05 , 
0.758765 0.637338 5.60687e-05 , 
0.758652 0.637469 5.60599e-05 , 
0.75854 0.637601 5.60512e-05 , 
0.758427 0.637732 5.60424e-05 , 
0.758314 0.637863 5.60337e-05 , 
0.758202 0.637994 5.60249e-05 , 
0.758089 0.638125 5.60162e-05 , 
0.757976 0.638256 5.60074e-05 , 
0.757863 0.638387 5.59987e-05 , 
0.757751 0.638518 5.59899e-05 , 
0.757638 0.63865 5.59812e-05 , 
0.757525 0.638781 5.59724e-05 , 
0.757412 0.638912 5.59637e-05 , 
0.757299 0.639043 5.59549e-05 , 
0.757186 0.639174 5.59461e-05 , 
0.757073 0.639305 5.59374e-05 , 
0.75696 0.639435 5.59286e-05 , 
0.756847 0.639566 5.59198e-05 , 
0.756734 0.639697 5.59111e-05 , 
0.756621 0.639828 5.59023e-05 , 
0.756508 0.639959 5.58935e-05 , 
0.756395 0.64009 5.58847e-05 , 
0.756282 0.640221 5.5876e-05 , 
0.756169 0.640351 5.58672e-05 , 
0.756056 0.640482 5.58584e-05 , 
0.755942 0.640613 5.58496e-05 , 
0.755829 0.640744 5.58408e-05 , 
0.755716 0.640874 5.58321e-05 , 
0.755603 0.641005 5.58233e-05 , 
0.75549 0.641136 5.58145e-05 , 
0.755376 0.641267 5.58057e-05 , 
0.755263 0.641397 5.57969e-05 , 
0.75515 0.641528 5.57881e-05 , 
0.755036 0.641658 5.57793e-05 , 
0.754923 0.641789 5.57705e-05 , 
0.754809 0.64192 5.57617e-05 , 
0.754696 0.64205 5.57529e-05 , 
0.754583 0.642181 5.57441e-05 , 
0.754469 0.642311 5.57353e-05 , 
0.754356 0.642442 5.57265e-05 , 
0.754242 0.642572 5.57177e-05 , 
0.754128 0.642703 5.57089e-05 , 
0.754015 0.642833 5.57001e-05 , 
0.753901 0.642963 5.56913e-05 , 
0.753788 0.643094 5.56824e-05 , 
0.753674 0.643224 5.56736e-05 , 
0.75356 0.643355 5.56648e-05 , 
0.753447 0.643485 5.5656e-05 , 
0.753333 0.643615 5.56472e-05 , 
0.753219 0.643745 5.56383e-05 , 
0.753105 0.643876 5.56295e-05 , 
0.752992 0.644006 5.56207e-05 , 
0.752878 0.644136 5.56119e-05 , 
0.752764 0.644266 5.5603e-05 , 
0.75265 0.644397 5.55942e-05 , 
0.752536 0.644527 5.55854e-05 , 
0.752422 0.644657 5.55765e-05 , 
0.752309 0.644787 5.55677e-05 , 
0.752195 0.644917 5.55589e-05 , 
0.752081 0.645047 5.555e-05 , 
0.751967 0.645177 5.55412e-05 , 
0.751853 0.645307 5.55323e-05 , 
0.751739 0.645437 5.55235e-05 , 
0.751625 0.645568 5.55146e-05 , 
0.75151 0.645698 5.55058e-05 , 
0.751396 0.645827 5.54969e-05 , 
0.751282 0.645957 5.54881e-05 , 
0.751168 0.646087 5.54792e-05 , 
0.751054 0.646217 5.54704e-05 , 
0.75094 0.646347 5.54615e-05 , 
0.750826 0.646477 5.54527e-05 , 
0.750711 0.646607 5.54438e-05 , 
0.750597 0.646737 5.54349e-05 , 
0.750483 0.646867 5.54261e-05 , 
0.750368 0.646996 5.54172e-05 , 
0.750254 0.647126 5.54084e-05 , 
0.75014 0.647256 5.53995e-05 , 
0.750025 0.647386 5.53906e-05 , 
0.749911 0.647515 5.53817e-05 , 
0.749797 0.647645 5.53729e-05 , 
0.749682 0.647775 5.5364e-05 , 
0.749568 0.647904 5.53551e-05 , 
0.749453 0.648034 5.53462e-05 , 
0.749339 0.648164 5.53374e-05 , 
0.749224 0.648293 5.53285e-05 , 
0.74911 0.648423 5.53196e-05 , 
0.748995 0.648552 5.53107e-05 , 
0.74888 0.648682 5.53018e-05 , 
0.748766 0.648812 5.52929e-05 , 
0.748651 0.648941 5.5284e-05 , 
0.748536 0.64907 5.52751e-05 , 
0.748422 0.6492 5.52662e-05 , 
0.748307 0.649329 5.52574e-05 , 
0.748192 0.649459 5.52485e-05 , 
0.748077 0.649588 5.52396e-05 , 
0.747963 0.649718 5.52307e-05 , 
0.747848 0.649847 5.52218e-05 , 
0.747733 0.649976 5.52128e-05 , 
0.747618 0.650106 5.52039e-05 , 
0.747503 0.650235 5.5195e-05 , 
0.747388 0.650364 5.51861e-05 , 
0.747273 0.650493 5.51772e-05 , 
0.747158 0.650623 5.51683e-05 , 
0.747044 0.650752 5.51594e-05 , 
0.746929 0.650881 5.51505e-05 , 
0.746814 0.65101 5.51416e-05 , 
0.746698 0.65114 5.51326e-05 , 
0.746583 0.651269 5.51237e-05 , 
0.746468 0.651398 5.51148e-05 , 
0.746353 0.651527 5.51059e-05 , 
0.746238 0.651656 5.50969e-05 , 
0.746123 0.651785 5.5088e-05 , 
0.746008 0.651914 5.50791e-05 , 
0.745893 0.652043 5.50702e-05 , 
0.745777 0.652172 5.50612e-05 , 
0.745662 0.652301 5.50523e-05 , 
0.745547 0.65243 5.50433e-05 , 
0.745432 0.652559 5.50344e-05 , 
0.745316 0.652688 5.50255e-05 , 
0.745201 0.652817 5.50165e-05 , 
0.745086 0.652946 5.50076e-05 , 
0.74497 0.653075 5.49986e-05 , 
0.744855 0.653203 5.49897e-05 , 
0.744739 0.653332 5.49807e-05 , 
0.744624 0.653461 5.49718e-05 , 
0.744508 0.65359 5.49628e-05 , 
0.744393 0.653719 5.49539e-05 , 
0.744277 0.653847 5.49449e-05 , 
0.744162 0.653976 5.4936e-05 , 
0.744046 0.654105 5.4927e-05 , 
0.743931 0.654233 5.49181e-05 , 
0.743815 0.654362 5.49091e-05 , 
0.743699 0.654491 5.49001e-05 , 
0.743584 0.654619 5.48912e-05 , 
0.743468 0.654748 5.48822e-05 , 
0.743352 0.654877 5.48732e-05 , 
0.743237 0.655005 5.48643e-05 , 
0.743121 0.655134 5.48553e-05 , 
0.743005 0.655262 5.48463e-05 , 
0.742889 0.655391 5.48373e-05 , 
0.742774 0.655519 5.48284e-05 , 
0.742658 0.655648 5.48194e-05 , 
0.742542 0.655776 5.48104e-05 , 
0.742426 0.655905 5.48014e-05 , 
0.74231 0.656033 5.47924e-05 , 
0.742194 0.656161 5.47835e-05 , 
0.742078 0.65629 5.47745e-05 , 
0.741962 0.656418 5.47655e-05 , 
0.741846 0.656546 5.47565e-05 , 
0.74173 0.656675 5.47475e-05 , 
0.741614 0.656803 5.47385e-05 , 
0.741498 0.656931 5.47295e-05 , 
0.741382 0.65706 5.47205e-05 , 
0.741266 0.657188 5.47115e-05 , 
0.74115 0.657316 5.47025e-05 , 
0.741034 0.657444 5.46935e-05 , 
0.740917 0.657572 5.46845e-05 , 
0.740801 0.6577 5.46755e-05 , 
0.740685 0.657829 5.46665e-05 , 
0.740569 0.657957 5.46575e-05 , 
0.740452 0.658085 5.46485e-05 , 
0.740336 0.658213 5.46395e-05 , 
0.74022 0.658341 5.46305e-05 , 
0.740104 0.658469 5.46214e-05 , 
0.739987 0.658597 5.46124e-05 , 
0.739871 0.658725 5.46034e-05 , 
0.739754 0.658853 5.45944e-05 , 
0.739638 0.658981 5.45854e-05 , 
0.739521 0.659109 5.45763e-05 , 
0.739405 0.659237 5.45673e-05 , 
0.739289 0.659364 5.45583e-05 , 
0.739172 0.659492 5.45493e-05 , 
0.739055 0.65962 5.45402e-05 , 
0.738939 0.659748 5.45312e-05 , 
0.738822 0.659876 5.45222e-05 , 
0.738706 0.660004 5.45131e-05 , 
0.738589 0.660131 5.45041e-05 , 
0.738472 0.660259 5.44951e-05 , 
0.738356 0.660387 5.4486e-05 , 
0.738239 0.660514 5.4477e-05 , 
0.738122 0.660642 5.44679e-05 , 
0.738006 0.66077 5.44589e-05 , 
0.737889 0.660897 5.44498e-05 , 
0.737772 0.661025 5.44408e-05 , 
0.737655 0.661153 5.44317e-05 , 
0.737538 0.66128 5.44227e-05 , 
0.737422 0.661408 5.44136e-05 , 
0.737305 0.661535 5.44046e-05 , 
0.737188 0.661663 5.43955e-05 , 
0.737071 0.66179 5.43865e-05 , 
0.736954 0.661918 5.43774e-05 , 
0.736837 0.662045 5.43683e-05 , 
0.73672 0.662173 5.43593e-05 , 
0.736603 0.6623 5.43502e-05 , 
0.736486 0.662428 5.43411e-05 , 
0.736369 0.662555 5.43321e-05 , 
0.736252 0.662682 5.4323e-05 , 
0.736135 0.66281 5.43139e-05 , 
0.736017 0.662937 5.43049e-05 , 
0.7359 0.663064 5.42958e-05 , 
0.735783 0.663192 5.42867e-05 , 
0.735666 0.663319 5.42776e-05 , 
0.735549 0.663446 5.42685e-05 , 
0.735432 0.663573 5.42595e-05 , 
0.735314 0.6637 5.42504e-05 , 
0.735197 0.663828 5.42413e-05 , 
0.73508 0.663955 5.42322e-05 , 
0.734962 0.664082 5.42231e-05 , 
0.734845 0.664209 5.4214e-05 , 
0.734728 0.664336 5.42049e-05 , 
0.73461 0.664463 5.41958e-05 , 
0.734493 0.66459 5.41868e-05 , 
0.734375 0.664717 5.41777e-05 , 
0.734258 0.664844 5.41686e-05 , 
0.73414 0.664971 5.41595e-05 , 
0.734023 0.665098 5.41504e-05 , 
0.733905 0.665225 5.41413e-05 , 
0.733788 0.665352 5.41321e-05 , 
0.73367 0.665479 5.4123e-05 , 
0.733553 0.665606 5.41139e-05 , 
0.733435 0.665733 5.41048e-05 , 
0.733317 0.66586 5.40957e-05 , 
0.7332 0.665986 5.40866e-05 , 
0.733082 0.666113 5.40775e-05 , 
0.732964 0.66624 5.40684e-05 , 
0.732847 0.666367 5.40592e-05 , 
0.732729 0.666494 5.40501e-05 , 
0.732611 0.66662 5.4041e-05 , 
0.732493 0.666747 5.40319e-05 , 
0.732375 0.666874 5.40228e-05 , 
0.732258 0.667 5.40136e-05 , 
0.73214 0.667127 5.40045e-05 , 
0.732022 0.667254 5.39954e-05 , 
0.731904 0.66738 5.39862e-05 , 
0.731786 0.667507 5.39771e-05 , 
0.731668 0.667633 5.3968e-05 , 
0.73155 0.66776 5.39588e-05 , 
0.731432 0.667886 5.39497e-05 , 
0.731314 0.668013 5.39406e-05 , 
0.731196 0.668139 5.39314e-05 , 
0.731078 0.668266 5.39223e-05 , 
0.73096 0.668392 5.39131e-05 , 
0.730842 0.668519 5.3904e-05 , 
0.730724 0.668645 5.38948e-05 , 
0.730605 0.668771 5.38857e-05 , 
0.730487 0.668898 5.38765e-05 , 
0.730369 0.669024 5.38674e-05 , 
0.730251 0.66915 5.38582e-05 , 
0.730132 0.669277 5.38491e-05 , 
0.730014 0.669403 5.38399e-05 , 
0.729896 0.669529 5.38308e-05 , 
0.729778 0.669656 5.38216e-05 , 
0.729659 0.669782 5.38124e-05 , 
0.729541 0.669908 5.38033e-05 , 
0.729423 0.670034 5.37941e-05 , 
0.729304 0.67016 5.37849e-05 , 
0.729186 0.670286 5.37758e-05 , 
0.729067 0.670413 5.37666e-05 , 
0.728949 0.670539 5.37574e-05 , 
0.72883 0.670665 5.37482e-05 , 
0.728712 0.670791 5.37391e-05 , 
0.728593 0.670917 5.37299e-05 , 
0.728475 0.671043 5.37207e-05 , 
0.728356 0.671169 5.37115e-05 , 
0.728237 0.671295 5.37023e-05 , 
0.728119 0.671421 5.36932e-05 , 
0.728 0.671547 5.3684e-05 , 
0.727882 0.671673 5.36748e-05 , 
0.727763 0.671798 5.36656e-05 , 
0.727644 0.671924 5.36564e-05 , 
0.727525 0.67205 5.36472e-05 , 
0.727407 0.672176 5.3638e-05 , 
0.727288 0.672302 5.36288e-05 , 
0.727169 0.672428 5.36196e-05 , 
0.72705 0.672553 5.36104e-05 , 
0.726931 0.672679 5.36012e-05 , 
0.726812 0.672805 5.3592e-05 , 
0.726694 0.67293 5.35828e-05 , 
0.726575 0.673056 5.35736e-05 , 
0.726456 0.673182 5.35644e-05 , 
0.726337 0.673307 5.35552e-05 , 
0.726218 0.673433 5.3546e-05 , 
0.726099 0.673559 5.35368e-05 , 
0.72598 0.673684 5.35276e-05 , 
0.725861 0.67381 5.35183e-05 , 
0.725742 0.673935 5.35091e-05 , 
0.725622 0.674061 5.34999e-05 , 
0.725503 0.674186 5.34907e-05 , 
0.725384 0.674312 5.34815e-05 , 
0.725265 0.674437 5.34722e-05 , 
0.725146 0.674563 5.3463e-05 , 
0.725027 0.674688 5.34538e-05 , 
0.724907 0.674814 5.34446e-05 , 
0.724788 0.674939 5.34353e-05 , 
0.724669 0.675064 5.34261e-05 , 
0.72455 0.67519 5.34169e-05 , 
0.72443 0.675315 5.34076e-05 , 
0.724311 0.67544 5.33984e-05 , 
0.724192 0.675565 5.33892e-05 , 
0.724072 0.675691 5.33799e-05 , 
0.723953 0.675816 5.33707e-05 , 
0.723833 0.675941 5.33614e-05 , 
0.723714 0.676066 5.33522e-05 , 
0.723594 0.676191 5.33429e-05 , 
0.723475 0.676317 5.33337e-05 , 
0.723355 0.676442 5.33244e-05 , 
0.723236 0.676567 5.33152e-05 , 
0.723116 0.676692 5.33059e-05 , 
0.722997 0.676817 5.32967e-05 , 
0.722877 0.676942 5.32874e-05 , 
0.722758 0.677067 5.32782e-05 , 
0.722638 0.677192 5.32689e-05 , 
0.722518 0.677317 5.32597e-05 , 
0.722399 0.677442 5.32504e-05 , 
0.722279 0.677567 5.32411e-05 , 
0.722159 0.677692 5.32319e-05 , 
0.722039 0.677817 5.32226e-05 , 
0.72192 0.677942 5.32133e-05 , 
0.7218 0.678066 5.3204e-05 , 
0.72168 0.678191 5.31948e-05 , 
0.72156 0.678316 5.31855e-05 , 
0.72144 0.678441 5.31762e-05 , 
0.72132 0.678566 5.31669e-05 , 
0.7212 0.67869 5.31577e-05 , 
0.72108 0.678815 5.31484e-05 , 
0.72096 0.67894 5.31391e-05 , 
0.72084 0.679064 5.31298e-05 , 
0.72072 0.679189 5.31205e-05 , 
0.7206 0.679314 5.31112e-05 , 
0.72048 0.679438 5.3102e-05 , 
0.72036 0.679563 5.30927e-05 , 
0.72024 0.679688 5.30834e-05 , 
0.72012 0.679812 5.30741e-05 , 
0.72 0.679937 5.30648e-05 , 
0.71988 0.680061 5.30555e-05 , 
0.71976 0.680186 5.30462e-05 , 
0.719639 0.68031 5.30369e-05 , 
0.719519 0.680435 5.30276e-05 , 
0.719399 0.680559 5.30183e-05 , 
0.719279 0.680684 5.3009e-05 , 
0.719158 0.680808 5.29997e-05 , 
0.719038 0.680932 5.29904e-05 , 
0.718918 0.681057 5.29811e-05 , 
0.718797 0.681181 5.29717e-05 , 
0.718677 0.681305 5.29624e-05 , 
0.718557 0.68143 5.29531e-05 , 
0.718436 0.681554 5.29438e-05 , 
0.718316 0.681678 5.29345e-05 , 
0.718195 0.681802 5.29252e-05 , 
0.718075 0.681927 5.29158e-05 , 
0.717954 0.682051 5.29065e-05 , 
0.717834 0.682175 5.28972e-05 , 
0.717713 0.682299 5.28879e-05 , 
0.717593 0.682423 5.28785e-05 , 
0.717472 0.682547 5.28692e-05 , 
0.717351 0.682671 5.28599e-05 , 
0.717231 0.682795 5.28505e-05 , 
0.71711 0.682919 5.28412e-05 , 
0.716989 0.683043 5.28319e-05 , 
0.716869 0.683167 5.28225e-05 , 
0.716748 0.683291 5.28132e-05 , 
0.716627 0.683415 5.28039e-05 , 
0.716506 0.683539 5.27945e-05 , 
0.716386 0.683663 5.27852e-05 , 
0.716265 0.683787 5.27758e-05 , 
0.716144 0.683911 5.27665e-05 , 
0.716023 0.684035 5.27571e-05 , 
0.715902 0.684159 5.27478e-05 , 
0.715781 0.684283 5.27384e-05 , 
0.71566 0.684406 5.27291e-05 , 
0.715539 0.68453 5.27197e-05 , 
0.715419 0.684654 5.27104e-05 , 
0.715298 0.684778 5.2701e-05 , 
0.715177 0.684901 5.26916e-05 , 
0.715055 0.685025 5.26823e-05 , 
0.714934 0.685149 5.26729e-05 , 
0.714813 0.685272 5.26636e-05 , 
0.714692 0.685396 5.26542e-05 , 
0.714571 0.685519 5.26448e-05 , 
0.71445 0.685643 5.26354e-05 , 
0.714329 0.685767 5.26261e-05 , 
0.714208 0.68589 5.26167e-05 , 
0.714086 0.686014 5.26073e-05 , 
0.713965 0.686137 5.2598e-05 , 
0.713844 0.686261 5.25886e-05 , 
0.713723 0.686384 5.25792e-05 , 
0.713601 0.686508 5.25698e-05 , 
0.71348 0.686631 5.25604e-05 , 
0.713359 0.686754 5.2551e-05 , 
0.713237 0.686878 5.25417e-05 , 
0.713116 0.687001 5.25323e-05 , 
0.712995 0.687124 5.25229e-05 , 
0.712873 0.687248 5.25135e-05 , 
0.712752 0.687371 5.25041e-05 , 
0.71263 0.687494 5.24947e-05 , 
0.712509 0.687617 5.24853e-05 , 
0.712387 0.687741 5.24759e-05 , 
0.712266 0.687864 5.24665e-05 , 
0.712144 0.687987 5.24571e-05 , 
0.712022 0.68811 5.24477e-05 , 
0.711901 0.688233 5.24383e-05 , 
0.711779 0.688356 5.24289e-05 , 
0.711658 0.68848 5.24195e-05 , 
0.711536 0.688603 5.24101e-05 , 
0.711414 0.688726 5.24007e-05 , 
0.711292 0.688849 5.23913e-05 , 
0.711171 0.688972 5.23819e-05 , 
0.711049 0.689095 5.23724e-05 , 
0.710927 0.689218 5.2363e-05 , 
0.710805 0.689341 5.23536e-05 , 
0.710684 0.689464 5.23442e-05 , 
0.710562 0.689586 5.23348e-05 , 
0.71044 0.689709 5.23253e-05 , 
0.710318 0.689832 5.23159e-05 , 
0.710196 0.689955 5.23065e-05 , 
0.710074 0.690078 5.22971e-05 , 
0.709952 0.690201 5.22876e-05 , 
0.70983 0.690323 5.22782e-05 , 
0.709708 0.690446 5.22688e-05 , 
0.709586 0.690569 5.22593e-05 , 
0.709464 0.690692 5.22499e-05 , 
0.709342 0.690814 5.22405e-05 , 
0.70922 0.690937 5.2231e-05 , 
0.709098 0.69106 5.22216e-05 , 
0.708976 0.691182 5.22121e-05 , 
0.708854 0.691305 5.22027e-05 , 
0.708731 0.691428 5.21933e-05 , 
0.708609 0.69155 5.21838e-05 , 
0.708487 0.691673 5.21744e-05 , 
0.708365 0.691795 5.21649e-05 , 
0.708243 0.691918 5.21555e-05 , 
0.70812 0.69204 5.2146e-05 , 
0.707998 0.692163 5.21365e-05 , 
0.707876 0.692285 5.21271e-05 , 
0.707753 0.692407 5.21176e-05 , 
0.707631 0.69253 5.21082e-05 , 
0.707509 0.692652 5.20987e-05 , 
0.707386 0.692775 5.20892e-05 , 
0.707264 0.692897 5.20798e-05 , 
0.707141 0.693019 5.20703e-05 , 
0.707019 0.693142 5.20608e-05 , 
0.706896 0.693264 5.20514e-05 , 
0.706774 0.693386 5.20419e-05 , 
0.706651 0.693508 5.20324e-05 , 
0.706529 0.69363 5.2023e-05 , 
0.706406 0.693753 5.20135e-05 , 
0.706283 0.693875 5.2004e-05 , 
0.706161 0.693997 5.19945e-05 , 
0.706038 0.694119 5.1985e-05 , 
0.705916 0.694241 5.19756e-05 , 
0.705793 0.694363 5.19661e-05 , 
0.70567 0.694485 5.19566e-05 , 
0.705547 0.694607 5.19471e-05 , 
0.705425 0.694729 5.19376e-05 , 
0.705302 0.694851 5.19281e-05 , 
0.705179 0.694973 5.19186e-05 , 
0.705056 0.695095 5.19091e-05 , 
0.704933 0.695217 5.18997e-05 , 
0.704811 0.695339 5.18902e-05 , 
0.704688 0.695461 5.18807e-05 , 
0.704565 0.695583 5.18712e-05 , 
0.704442 0.695705 5.18617e-05 , 
0.704319 0.695827 5.18522e-05 , 
0.704196 0.695948 5.18427e-05 , 
0.704073 0.69607 5.18331e-05 , 
0.70395 0.696192 5.18236e-05 , 
0.703827 0.696314 5.18141e-05 , 
0.703704 0.696435 5.18046e-05 , 
0.703581 0.696557 5.17951e-05 , 
0.703458 0.696679 5.17856e-05 , 
0.703334 0.6968 5.17761e-05 , 
0.703211 0.696922 5.17666e-05 , 
0.703088 0.697044 5.1757e-05 , 
0.702965 0.697165 5.17475e-05 , 
0.702842 0.697287 5.1738e-05 , 
0.702719 0.697408 5.17285e-05 , 
0.702595 0.69753 5.17189e-05 , 
0.702472 0.697651 5.17094e-05 , 
0.702349 0.697773 5.16999e-05 , 
0.702225 0.697894 5.16904e-05 , 
0.702102 0.698016 5.16808e-05 , 
0.701979 0.698137 5.16713e-05 , 
0.701855 0.698259 5.16618e-05 , 
0.701732 0.69838 5.16522e-05 , 
0.701609 0.698501 5.16427e-05 , 
0.701485 0.698623 5.16332e-05 , 
0.701362 0.698744 5.16236e-05 , 
0.701238 0.698865 5.16141e-05 , 
0.701115 0.698986 5.16045e-05 , 
0.700991 0.699108 5.1595e-05 , 
0.700868 0.699229 5.15854e-05 , 
0.700744 0.69935 5.15759e-05 , 
0.70062 0.699471 5.15663e-05 , 
0.700497 0.699592 5.15568e-05 , 
0.700373 0.699714 5.15472e-05 , 
0.700249 0.699835 5.15377e-05 , 
0.700126 0.699956 5.15281e-05 , 
0.700002 0.700077 5.15186e-05 , 
0.699878 0.700198 5.1509e-05 , 
0.699755 0.700319 5.14994e-05 , 
0.699631 0.70044 5.14899e-05 , 
0.699507 0.700561 5.14803e-05 , 
0.699383 0.700682 5.14707e-05 , 
0.699259 0.700803 5.14612e-05 , 
0.699136 0.700924 5.14516e-05 , 
0.699012 0.701045 5.1442e-05 , 
0.698888 0.701166 5.14325e-05 , 
0.698764 0.701286 5.14229e-05 , 
0.69864 0.701407 5.14133e-05 , 
0.698516 0.701528 5.14037e-05 , 
0.698392 0.701649 5.13942e-05 , 
0.698268 0.70177 5.13846e-05 , 
0.698144 0.70189 5.1375e-05 , 
0.69802 0.702011 5.13654e-05 , 
0.697896 0.702132 5.13558e-05 , 
0.697772 0.702253 5.13462e-05 , 
0.697648 0.702373 5.13367e-05 , 
0.697523 0.702494 5.13271e-05 , 
0.697399 0.702614 5.13175e-05 , 
0.697275 0.702735 5.13079e-05 , 
0.697151 0.702856 5.12983e-05 , 
0.697027 0.702976 5.12887e-05 , 
0.696902 0.703097 5.12791e-05 , 
0.696778 0.703217 5.12695e-05 , 
0.696654 0.703338 5.12599e-05 , 
0.69653 0.703458 5.12503e-05 , 
0.696405 0.703579 5.12407e-05 , 
0.696281 0.703699 5.12311e-05 , 
0.696157 0.70382 5.12215e-05 , 
0.696032 0.70394 5.12119e-05 , 
0.695908 0.70406 5.12023e-05 , 
0.695783 0.704181 5.11926e-05 , 
0.695659 0.704301 5.1183e-05 , 
0.695534 0.704421 5.11734e-05 , 
0.69541 0.704542 5.11638e-05 , 
0.695285 0.704662 5.11542e-05 , 
0.695161 0.704782 5.11446e-05 , 
0.695036 0.704902 5.11349e-05 , 
0.694912 0.705022 5.11253e-05 , 
0.694787 0.705143 5.11157e-05 , 
0.694663 0.705263 5.11061e-05 , 
0.694538 0.705383 5.10964e-05 , 
0.694413 0.705503 5.10868e-05 , 
0.694289 0.705623 5.10772e-05 , 
0.694164 0.705743 5.10675e-05 , 
0.694039 0.705863 5.10579e-05 , 
0.693914 0.705983 5.10483e-05 , 
0.69379 0.706103 5.10386e-05 , 
0.693665 0.706223 5.1029e-05 , 
0.69354 0.706343 5.10194e-05 , 
0.693415 0.706463 5.10097e-05 , 
0.69329 0.706583 5.10001e-05 , 
0.693165 0.706703 5.09904e-05 , 
0.69304 0.706823 5.09808e-05 , 
0.692916 0.706943 5.09711e-05 , 
0.692791 0.707062 5.09615e-05 , 
0.692666 0.707182 5.09518e-05 , 
0.692541 0.707302 5.09422e-05 , 
0.692416 0.707422 5.09325e-05 , 
0.692291 0.707541 5.09229e-05 , 
0.692166 0.707661 5.09132e-05 , 
0.692041 0.707781 5.09036e-05 , 
0.691915 0.707901 5.08939e-05 , 
0.69179 0.70802 5.08842e-05 , 
0.691665 0.70814 5.08746e-05 , 
0.69154 0.708259 5.08649e-05 , 
0.691415 0.708379 5.08552e-05 , 
0.69129 0.708499 5.08456e-05 , 
0.691164 0.708618 5.08359e-05 , 
0.691039 0.708738 5.08262e-05 , 
0.690914 0.708857 5.08166e-05 , 
0.690789 0.708977 5.08069e-05 , 
0.690663 0.709096 5.07972e-05 , 
0.690538 0.709215 5.07875e-05 , 
0.690413 0.709335 5.07779e-05 , 
0.690287 0.709454 5.07682e-05 , 
0.690162 0.709574 5.07585e-05 , 
0.690037 0.709693 5.07488e-05 , 
0.689911 0.709812 5.07391e-05 , 
0.689786 0.709932 5.07294e-05 , 
0.68966 0.710051 5.07198e-05 , 
0.689535 0.71017 5.07101e-05 , 
0.689409 0.710289 5.07004e-05 , 
0.689284 0.710409 5.06907e-05 , 
0.689158 0.710528 5.0681e-05 , 
0.689032 0.710647 5.06713e-05 , 
0.688907 0.710766 5.06616e-05 , 
0.688781 0.710885 5.06519e-05 , 
0.688656 0.711004 5.06422e-05 , 
0.68853 0.711123 5.06325e-05 , 
0.688404 0.711243 5.06228e-05 , 
0.688279 0.711362 5.06131e-05 , 
0.688153 0.711481 5.06034e-05 , 
0.688027 0.7116 5.05937e-05 , 
0.687901 0.711719 5.0584e-05 , 
0.687776 0.711838 5.05742e-05 , 
0.68765 0.711956 5.05645e-05 , 
0.687524 0.712075 5.05548e-05 , 
0.687398 0.712194 5.05451e-05 , 
0.687272 0.712313 5.05354e-05 , 
0.687146 0.712432 5.05257e-05 , 
0.68702 0.712551 5.05159e-05 , 
0.686894 0.71267 5.05062e-05 , 
0.686768 0.712788 5.04965e-05 , 
0.686643 0.712907 5.04868e-05 , 
0.686517 0.713026 5.0477e-05 , 
0.68639 0.713145 5.04673e-05 , 
0.686264 0.713263 5.04576e-05 , 
0.686138 0.713382 5.04479e-05 , 
0.686012 0.713501 5.04381e-05 , 
0.685886 0.713619 5.04284e-05 , 
0.68576 0.713738 5.04186e-05 , 
0.685634 0.713856 5.04089e-05 , 
0.685508 0.713975 5.03992e-05 , 
0.685382 0.714093 5.03894e-05 , 
0.685255 0.714212 5.03797e-05 , 
0.685129 0.71433 5.03699e-05 , 
0.685003 0.714449 5.03602e-05 , 
0.684877 0.714567 5.03505e-05 , 
0.68475 0.714686 5.03407e-05 , 
0.684624 0.714804 5.0331e-05 , 
0.684498 0.714923 5.03212e-05 , 
0.684371 0.715041 5.03114e-05 , 
0.684245 0.715159 5.03017e-05 , 
0.684119 0.715278 5.02919e-05 , 
0.683992 0.715396 5.02822e-05 , 
0.683866 0.715514 5.02724e-05 , 
0.683739 0.715632 5.02627e-05 , 
0.683613 0.715751 5.02529e-05 , 
0.683486 0.715869 5.02431e-05 , 
0.68336 0.715987 5.02334e-05 , 
0.683233 0.716105 5.02236e-05 , 
0.683107 0.716223 5.02138e-05 , 
0.68298 0.716342 5.02041e-05 , 
0.682853 0.71646 5.01943e-05 , 
0.682727 0.716578 5.01845e-05 , 
0.6826 0.716696 5.01747e-05 , 
0.682473 0.716814 5.0165e-05 , 
0.682347 0.716932 5.01552e-05 , 
0.68222 0.71705 5.01454e-05 , 
0.682093 0.717168 5.01356e-05 , 
0.681967 0.717286 5.01258e-05 , 
0.68184 0.717404 5.01161e-05 , 
0.681713 0.717522 5.01063e-05 , 
0.681586 0.717639 5.00965e-05 , 
0.681459 0.717757 5.00867e-05 , 
0.681332 0.717875 5.00769e-05 , 
0.681206 0.717993 5.00671e-05 , 
0.681079 0.718111 5.00573e-05 , 
0.680952 0.718228 5.00475e-05 , 
0.680825 0.718346 5.00377e-05 , 
0.680698 0.718464 5.00279e-05 , 
0.680571 0.718582 5.00181e-05 , 
0.680444 0.718699 5.00083e-05 , 
0.680317 0.718817 4.99985e-05 , 
0.68019 0.718935 4.99887e-05 , 
0.680063 0.719052 4.99789e-05 , 
0.679936 0.71917 4.99691e-05 , 
0.679808 0.719287 4.99593e-05 , 
0.679681 0.719405 4.99495e-05 , 
0.679554 0.719522 4.99397e-05 , 
0.679427 0.71964 4.99299e-05 , 
0.6793 0.719757 4.99201e-05 , 
0.679173 0.719875 4.99102e-05 , 
0.679045 0.719992 4.99004e-05 , 
0.678918 0.72011 4.98906e-05 , 
0.678791 0.720227 4.98808e-05 , 
0.678664 0.720345 4.9871e-05 , 
0.678536 0.720462 4.98611e-05 , 
0.678409 0.720579 4.98513e-05 , 
0.678282 0.720697 4.98415e-05 , 
0.678154 0.720814 4.98316e-05 , 
0.678027 0.720931 4.98218e-05 , 
0.677899 0.721048 4.9812e-05 , 
0.677772 0.721166 4.98022e-05 , 
0.677644 0.721283 4.97923e-05 , 
0.677517 0.7214 4.97825e-05 , 
0.677389 0.721517 4.97726e-05 , 
0.677262 0.721634 4.97628e-05 , 
0.677134 0.721751 4.9753e-05 , 
0.677007 0.721868 4.97431e-05 , 
0.676879 0.721985 4.97333e-05 , 
0.676752 0.722102 4.97234e-05 , 
0.676624 0.72222 4.97136e-05 , 
0.676496 0.722336 4.97037e-05 , 
0.676369 0.722453 4.96939e-05 , 
0.676241 0.72257 4.9684e-05 , 
0.676113 0.722687 4.96742e-05 , 
0.675986 0.722804 4.96643e-05 , 
0.675858 0.722921 4.96545e-05 , 
0.67573 0.723038 4.96446e-05 , 
0.675602 0.723155 4.96348e-05 , 
0.675474 0.723272 4.96249e-05 , 
0.675347 0.723388 4.9615e-05 , 
0.675219 0.723505 4.96052e-05 , 
0.675091 0.723622 4.95953e-05 , 
0.674963 0.723739 4.95854e-05 , 
0.674835 0.723855 4.95756e-05 , 
0.674707 0.723972 4.95657e-05 , 
0.674579 0.724089 4.95558e-05 , 
0.674451 0.724205 4.9546e-05 , 
0.674323 0.724322 4.95361e-05 , 
0.674195 0.724439 4.95262e-05 , 
0.674067 0.724555 4.95163e-05 , 
0.673939 0.724672 4.95064e-05 , 
0.673811 0.724788 4.94966e-05 , 
0.673683 0.724905 4.94867e-05 , 
0.673555 0.725021 4.94768e-05 , 
0.673426 0.725138 4.94669e-05 , 
0.673298 0.725254 4.9457e-05 , 
0.67317 0.725371 4.94471e-05 , 
0.673042 0.725487 4.94373e-05 , 
0.672914 0.725603 4.94274e-05 , 
0.672785 0.72572 4.94175e-05 , 
0.672657 0.725836 4.94076e-05 , 
0.672529 0.725952 4.93977e-05 , 
0.672401 0.726069 4.93878e-05 , 
0.672272 0.726185 4.93779e-05 , 
0.672144 0.726301 4.9368e-05 , 
0.672015 0.726417 4.93581e-05 , 
0.671887 0.726534 4.93482e-05 , 
0.671759 0.72665 4.93383e-05 , 
0.67163 0.726766 4.93284e-05 , 
0.671502 0.726882 4.93185e-05 , 
0.671373 0.726998 4.93086e-05 , 
0.671245 0.727114 4.92986e-05 , 
0.671116 0.72723 4.92887e-05 , 
0.670988 0.727346 4.92788e-05 , 
0.670859 0.727462 4.92689e-05 , 
0.670731 0.727578 4.9259e-05 , 
0.670602 0.727694 4.92491e-05 , 
0.670473 0.72781 4.92391e-05 , 
0.670345 0.727926 4.92292e-05 , 
0.670216 0.728042 4.92193e-05 , 
0.670087 0.728158 4.92094e-05 , 
0.669959 0.728274 4.91994e-05 , 
0.66983 0.72839 4.91895e-05 , 
0.669701 0.728505 4.91796e-05 , 
0.669572 0.728621 4.91697e-05 , 
0.669444 0.728737 4.91597e-05 , 
0.669315 0.728853 4.91498e-05 , 
0.669186 0.728969 4.91399e-05 , 
0.669057 0.729084 4.91299e-05 , 
0.668928 0.7292 4.912e-05 , 
0.668799 0.729316 4.911e-05 , 
0.66867 0.729431 4.91001e-05 , 
0.668542 0.729547 4.90902e-05 , 
0.668413 0.729662 4.90802e-05 , 
0.668284 0.729778 4.90703e-05 , 
0.668155 0.729894 4.90603e-05 , 
0.668026 0.730009 4.90504e-05 , 
0.667897 0.730125 4.90404e-05 , 
0.667768 0.73024 4.90305e-05 , 
0.667638 0.730355 4.90205e-05 , 
0.667509 0.730471 4.90106e-05 , 
0.66738 0.730586 4.90006e-05 , 
0.667251 0.730702 4.89907e-05 , 
0.667122 0.730817 4.89807e-05 , 
0.666993 0.730932 4.89707e-05 , 
0.666864 0.731048 4.89608e-05 , 
0.666734 0.731163 4.89508e-05 , 
0.666605 0.731278 4.89408e-05 , 
0.666476 0.731394 4.89309e-05 , 
0.666347 0.731509 4.89209e-05 , 
0.666217 0.731624 4.89109e-05 , 
0.666088 0.731739 4.8901e-05 , 
0.665959 0.731854 4.8891e-05 , 
0.665829 0.73197 4.8881e-05 , 
0.6657 0.732085 4.88711e-05 , 
0.66557 0.7322 4.88611e-05 , 
0.665441 0.732315 4.88511e-05 , 
0.665312 0.73243 4.88411e-05 , 
0.665182 0.732545 4.88311e-05 , 
0.665053 0.73266 4.88212e-05 , 
0.664923 0.732775 4.88112e-05 , 
0.664794 0.73289 4.88012e-05 , 
0.664664 0.733005 4.87912e-05 , 
0.664535 0.73312 4.87812e-05 , 
0.664405 0.733235 4.87712e-05 , 
0.664275 0.73335 4.87612e-05 , 
0.664146 0.733464 4.87512e-05 , 
0.664016 0.733579 4.87412e-05 , 
0.663886 0.733694 4.87312e-05 , 
0.663757 0.733809 4.87212e-05 , 
0.663627 0.733924 4.87112e-05 , 
0.663497 0.734038 4.87012e-05 , 
0.663368 0.734153 4.86912e-05 , 
0.663238 0.734268 4.86812e-05 , 
0.663108 0.734382 4.86712e-05 , 
0.662978 0.734497 4.86612e-05 , 
0.662848 0.734612 4.86512e-05 , 
0.662718 0.734726 4.86412e-05 , 
0.662589 0.734841 4.86312e-05 , 
0.662459 0.734955 4.86212e-05 , 
0.662329 0.73507 4.86112e-05 , 
0.662199 0.735184 4.86011e-05 , 
0.662069 0.735299 4.85911e-05 , 
0.661939 0.735413 4.85811e-05 , 
0.661809 0.735528 4.85711e-05 , 
0.661679 0.735642 4.85611e-05 , 
0.661549 0.735757 4.8551e-05 , 
0.661419 0.735871 4.8541e-05 , 
0.661289 0.735985 4.8531e-05 , 
0.661159 0.7361 4.8521e-05 , 
0.661029 0.736214 4.85109e-05 , 
0.660898 0.736328 4.85009e-05 , 
0.660768 0.736443 4.84909e-05 , 
0.660638 0.736557 4.84808e-05 , 
0.660508 0.736671 4.84708e-05 , 
0.660378 0.736785 4.84608e-05 , 
0.660247 0.736899 4.84507e-05 , 
0.660117 0.737014 4.84407e-05 , 
0.659987 0.737128 4.84306e-05 , 
0.659857 0.737242 4.84206e-05 , 
0.659726 0.737356 4.84106e-05 , 
0.659596 0.73747 4.84005e-05 , 
0.659466 0.737584 4.83905e-05 , 
0.659335 0.737698 4.83804e-05 , 
0.659205 0.737812 4.83704e-05 , 
0.659074 0.737926 4.83603e-05 , 
0.658944 0.73804 4.83503e-05 , 
0.658814 0.738154 4.83402e-05 , 
0.658683 0.738268 4.83302e-05 , 
0.658553 0.738382 4.83201e-05 , 
0.658422 0.738495 4.831e-05 , 
0.658291 0.738609 4.83e-05 , 
0.658161 0.738723 4.82899e-05 , 
0.65803 0.738837 4.82798e-05 , 
0.6579 0.738951 4.82698e-05 , 
0.657769 0.739064 4.82597e-05 , 
0.657638 0.739178 4.82496e-05 , 
0.657508 0.739292 4.82396e-05 , 
0.657377 0.739406 4.82295e-05 , 
0.657246 0.739519 4.82194e-05 , 
0.657116 0.739633 4.82094e-05 , 
0.656985 0.739746 4.81993e-05 , 
0.656854 0.73986 4.81892e-05 , 
0.656723 0.739974 4.81791e-05 , 
0.656593 0.740087 4.81691e-05 , 
0.656462 0.740201 4.8159e-05 , 
0.656331 0.740314 4.81489e-05 , 
0.6562 0.740428 4.81388e-05 , 
0.656069 0.740541 4.81287e-05 , 
0.655938 0.740654 4.81186e-05 , 
0.655807 0.740768 4.81085e-05 , 
0.655676 0.740881 4.80985e-05 , 
0.655545 0.740995 4.80884e-05 , 
0.655414 0.741108 4.80783e-05 , 
0.655283 0.741221 4.80682e-05 , 
0.655152 0.741335 4.80581e-05 , 
0.655021 0.741448 4.8048e-05 , 
0.65489 0.741561 4.80379e-05 , 
0.654759 0.741674 4.80278e-05 , 
0.654628 0.741787 4.80177e-05 , 
0.654497 0.741901 4.80076e-05 , 
0.654366 0.742014 4.79975e-05 , 
0.654235 0.742127 4.79874e-05 , 
0.654104 0.74224 4.79773e-05 , 
0.653972 0.742353 4.79671e-05 , 
0.653841 0.742466 4.7957e-05 , 
0.65371 0.742579 4.79469e-05 , 
0.653579 0.742692 4.79368e-05 , 
0.653447 0.742805 4.79267e-05 , 
0.653316 0.742918 4.79166e-05 , 
0.653185 0.743031 4.79065e-05 , 
0.653053 0.743144 4.78963e-05 , 
0.652922 0.743257 4.78862e-05 , 
0.652791 0.74337 4.78761e-05 , 
0.652659 0.743483 4.7866e-05 , 
0.652528 0.743596 4.78558e-05 , 
0.652396 0.743708 4.78457e-05 , 
0.652265 0.743821 4.78356e-05 , 
0.652133 0.743934 4.78255e-05 , 
0.652002 0.744047 4.78153e-05 , 
0.65187 0.744159 4.78052e-05 , 
0.651739 0.744272 4.77951e-05 , 
0.651607 0.744385 4.77849e-05 , 
0.651476 0.744497 4.77748e-05 , 
0.651344 0.74461 4.77646e-05 , 
0.651212 0.744723 4.77545e-05 , 
0.651081 0.744835 4.77444e-05 , 
0.650949 0.744948 4.77342e-05 , 
0.650817 0.74506 4.77241e-05 , 
0.650686 0.745173 4.77139e-05 , 
0.650554 0.745285 4.77038e-05 , 
0.650422 0.745398 4.76936e-05 , 
0.65029 0.74551 4.76835e-05 , 
0.650159 0.745623 4.76733e-05 , 
0.650027 0.745735 4.76632e-05 , 
0.649895 0.745847 4.7653e-05 , 
0.649763 0.74596 4.76429e-05 , 
0.649631 0.746072 4.76327e-05 , 
0.649499 0.746184 4.76226e-05 , 
0.649368 0.746297 4.76124e-05 , 
0.649236 0.746409 4.76022e-05 , 
0.649104 0.746521 4.75921e-05 , 
0.648972 0.746633 4.75819e-05 , 
0.64884 0.746746 4.75717e-05 , 
0.648708 0.746858 4.75616e-05 , 
0.648576 0.74697 4.75514e-05 , 
0.648444 0.747082 4.75412e-05 , 
0.648312 0.747194 4.75311e-05 , 
0.648179 0.747306 4.75209e-05 , 
0.648047 0.747418 4.75107e-05 , 
0.647915 0.74753 4.75005e-05 , 
0.647783 0.747642 4.74903e-05 , 
0.647651 0.747754 4.74802e-05 , 
0.647519 0.747866 4.747e-05 , 
0.647387 0.747978 4.74598e-05 , 
0.647254 0.74809 4.74496e-05 , 
0.647122 0.748202 4.74394e-05 , 
0.64699 0.748314 4.74292e-05 , 
0.646858 0.748426 4.74191e-05 , 
0.646725 0.748538 4.74089e-05 , 
0.646593 0.748649 4.73987e-05 , 
0.646461 0.748761 4.73885e-05 , 
0.646328 0.748873 4.73783e-05 , 
0.646196 0.748985 4.73681e-05 , 
0.646063 0.749096 4.73579e-05 , 
0.645931 0.749208 4.73477e-05 , 
0.645799 0.74932 4.73375e-05 , 
0.645666 0.749431 4.73273e-05 , 
0.645534 0.749543 4.73171e-05 , 
0.645401 0.749655 4.73069e-05 , 
0.645269 0.749766 4.72967e-05 , 
0.645136 0.749878 4.72865e-05 , 
0.645003 0.749989 4.72763e-05 , 
0.644871 0.750101 4.72661e-05 , 
0.644738 0.750212 4.72558e-05 , 
0.644606 0.750324 4.72456e-05 , 
0.644473 0.750435 4.72354e-05 , 
0.64434 0.750546 4.72252e-05 , 
0.644208 0.750658 4.7215e-05 , 
0.644075 0.750769 4.72048e-05 , 
0.643942 0.750881 4.71945e-05 , 
0.64381 0.750992 4.71843e-05 , 
0.643677 0.751103 4.71741e-05 , 
0.643544 0.751214 4.71639e-05 , 
0.643411 0.751326 4.71536e-05 , 
0.643278 0.751437 4.71434e-05 , 
0.643146 0.751548 4.71332e-05 , 
0.643013 0.751659 4.7123e-05 , 
0.64288 0.75177 4.71127e-05 , 
0.642747 0.751882 4.71025e-05 , 
0.642614 0.751993 4.70923e-05 , 
0.642481 0.752104 4.7082e-05 , 
0.642348 0.752215 4.70718e-05 , 
0.642215 0.752326 4.70615e-05 , 
0.642082 0.752437 4.70513e-05 , 
0.641949 0.752548 4.70411e-05 , 
0.641816 0.752659 4.70308e-05 , 
0.641683 0.75277 4.70206e-05 , 
0.64155 0.752881 4.70103e-05 , 
0.641417 0.752992 4.70001e-05 , 
0.641284 0.753103 4.69898e-05 , 
0.641151 0.753213 4.69796e-05 , 
0.641017 0.753324 4.69693e-05 , 
0.640884 0.753435 4.69591e-05 , 
0.640751 0.753546 4.69488e-05 , 
0.640618 0.753657 4.69386e-05 , 
0.640485 0.753767 4.69283e-05 , 
0.640351 0.753878 4.6918e-05 , 
0.640218 0.753989 4.69078e-05 , 
0.640085 0.754099 4.68975e-05 , 
0.639951 0.75421 4.68873e-05 , 
0.639818 0.754321 4.6877e-05 , 
0.639685 0.754431 4.68667e-05 , 
0.639551 0.754542 4.68565e-05 , 
0.639418 0.754652 4.68462e-05 , 
0.639285 0.754763 4.68359e-05 , 
0.639151 0.754873 4.68256e-05 , 
0.639018 0.754984 4.68154e-05 , 
0.638884 0.755094 4.68051e-05 , 
0.638751 0.755205 4.67948e-05 , 
0.638617 0.755315 4.67845e-05 , 
0.638484 0.755426 4.67743e-05 , 
0.63835 0.755536 4.6764e-05 , 
0.638217 0.755646 4.67537e-05 , 
0.638083 0.755757 4.67434e-05 , 
0.637949 0.755867 4.67331e-05 , 
0.637816 0.755977 4.67228e-05 , 
0.637682 0.756087 4.67126e-05 , 
0.637548 0.756198 4.67023e-05 , 
0.637415 0.756308 4.6692e-05 , 
0.637281 0.756418 4.66817e-05 , 
0.637147 0.756528 4.66714e-05 , 
0.637014 0.756638 4.66611e-05 , 
0.63688 0.756749 4.66508e-05 , 
0.636746 0.756859 4.66405e-05 , 
0.636612 0.756969 4.66302e-05 , 
0.636478 0.757079 4.66199e-05 , 
0.636345 0.757189 4.66096e-05 , 
0.636211 0.757299 4.65993e-05 , 
0.636077 0.757409 4.6589e-05 , 
0.635943 0.757519 4.65787e-05 , 
0.635809 0.757629 4.65684e-05 , 
0.635675 0.757739 4.65581e-05 , 
0.635541 0.757848 4.65477e-05 , 
0.635407 0.757958 4.65374e-05 , 
0.635273 0.758068 4.65271e-05 , 
0.635139 0.758178 4.65168e-05 , 
0.635005 0.758288 4.65065e-05 , 
0.634871 0.758397 4.64962e-05 , 
0.634737 0.758507 4.64858e-05 , 
0.634603 0.758617 4.64755e-05 , 
0.634469 0.758727 4.64652e-05 , 
0.634335 0.758836 4.64549e-05 , 
0.6342 0.758946 4.64446e-05 , 
0.634066 0.759056 4.64342e-05 , 
0.633932 0.759165 4.64239e-05 , 
0.633798 0.759275 4.64136e-05 , 
0.633664 0.759384 4.64032e-05 , 
0.633529 0.759494 4.63929e-05 , 
0.633395 0.759603 4.63826e-05 , 
0.633261 0.759713 4.63722e-05 , 
0.633127 0.759822 4.63619e-05 , 
0.632992 0.759932 4.63516e-05 , 
0.632858 0.760041 4.63412e-05 , 
0.632724 0.76015 4.63309e-05 , 
0.632589 0.76026 4.63205e-05 , 
0.632455 0.760369 4.63102e-05 , 
0.63232 0.760479 4.62998e-05 , 
0.632186 0.760588 4.62895e-05 , 
0.632051 0.760697 4.62792e-05 , 
0.631917 0.760806 4.62688e-05 , 
0.631782 0.760916 4.62585e-05 , 
0.631648 0.761025 4.62481e-05 , 
0.631513 0.761134 4.62377e-05 , 
0.631379 0.761243 4.62274e-05 , 
0.631244 0.761352 4.6217e-05 , 
0.63111 0.761461 4.62067e-05 , 
0.630975 0.76157 4.61963e-05 , 
0.63084 0.76168 4.6186e-05 , 
0.630706 0.761789 4.61756e-05 , 
0.630571 0.761898 4.61652e-05 , 
0.630436 0.762007 4.61549e-05 , 
0.630302 0.762116 4.61445e-05 , 
0.630167 0.762224 4.61341e-05 , 
0.630032 0.762333 4.61238e-05 , 
0.629897 0.762442 4.61134e-05 , 
0.629762 0.762551 4.6103e-05 , 
0.629628 0.76266 4.60926e-05 , 
0.629493 0.762769 4.60823e-05 , 
0.629358 0.762878 4.60719e-05 , 
0.629223 0.762986 4.60615e-05 , 
0.629088 0.763095 4.60511e-05 , 
0.628953 0.763204 4.60407e-05 , 
0.628818 0.763313 4.60304e-05 , 
0.628683 0.763421 4.602e-05 , 
0.628548 0.76353 4.60096e-05 , 
0.628413 0.763639 4.59992e-05 , 
0.628278 0.763747 4.59888e-05 , 
0.628143 0.763856 4.59784e-05 , 
0.628008 0.763964 4.5968e-05 , 
0.627873 0.764073 4.59577e-05 , 
0.627738 0.764181 4.59473e-05 , 
0.627603 0.76429 4.59369e-05 , 
0.627468 0.764398 4.59265e-05 , 
0.627333 0.764507 4.59161e-05 , 
0.627198 0.764615 4.59057e-05 , 
0.627063 0.764724 4.58953e-05 , 
0.626927 0.764832 4.58849e-05 , 
0.626792 0.764941 4.58745e-05 , 
0.626657 0.765049 4.58641e-05 , 
0.626522 0.765157 4.58536e-05 , 
0.626386 0.765265 4.58432e-05 , 
0.626251 0.765374 4.58328e-05 , 
0.626116 0.765482 4.58224e-05 , 
0.62598 0.76559 4.5812e-05 , 
0.625845 0.765698 4.58016e-05 , 
0.62571 0.765807 4.57912e-05 , 
0.625574 0.765915 4.57808e-05 , 
0.625439 0.766023 4.57703e-05 , 
0.625303 0.766131 4.57599e-05 , 
0.625168 0.766239 4.57495e-05 , 
0.625032 0.766347 4.57391e-05 , 
0.624897 0.766455 4.57287e-05 , 
0.624761 0.766563 4.57182e-05 , 
0.624626 0.766671 4.57078e-05 , 
0.62449 0.766779 4.56974e-05 , 
0.624355 0.766887 4.5687e-05 , 
0.624219 0.766995 4.56765e-05 , 
0.624084 0.767103 4.56661e-05 , 
0.623948 0.767211 4.56557e-05 , 
0.623812 0.767318 4.56452e-05 , 
0.623677 0.767426 4.56348e-05 , 
0.623541 0.767534 4.56244e-05 , 
0.623405 0.767642 4.56139e-05 , 
0.62327 0.76775 4.56035e-05 , 
0.623134 0.767857 4.5593e-05 , 
0.622998 0.767965 4.55826e-05 , 
0.622862 0.768073 4.55721e-05 , 
0.622727 0.76818 4.55617e-05 , 
0.622591 0.768288 4.55513e-05 , 
0.622455 0.768396 4.55408e-05 , 
0.622319 0.768503 4.55304e-05 , 
0.622183 0.768611 4.55199e-05 , 
0.622047 0.768718 4.55094e-05 , 
0.621911 0.768826 4.5499e-05 , 
0.621775 0.768933 4.54885e-05 , 
0.621639 0.769041 4.54781e-05 , 
0.621503 0.769148 4.54676e-05 , 
0.621367 0.769256 4.54572e-05 , 
0.621231 0.769363 4.54467e-05 , 
0.621095 0.76947 4.54362e-05 , 
0.620959 0.769578 4.54258e-05 , 
0.620823 0.769685 4.54153e-05 , 
0.620687 0.769792 4.54048e-05 , 
0.620551 0.7699 4.53944e-05 , 
0.620415 0.770007 4.53839e-05 , 
0.620279 0.770114 4.53734e-05 , 
0.620143 0.770221 4.5363e-05 , 
0.620007 0.770328 4.53525e-05 , 
0.61987 0.770436 4.5342e-05 , 
0.619734 0.770543 4.53315e-05 , 
0.619598 0.77065 4.53211e-05 , 
0.619462 0.770757 4.53106e-05 , 
0.619325 0.770864 4.53001e-05 , 
0.619189 0.770971 4.52896e-05 , 
0.619053 0.771078 4.52791e-05 , 
0.618916 0.771185 4.52687e-05 , 
