earth 
1.000000 0.000000 0.000000 
1.000000 0.172029 0.000000 
0.970240 0.344058 0.000000 
0.911994 0.511186 0.000000 
0.827280 0.668929 0.000000 
0.718816 0.813360 0.000000 
0.589907 0.941258 0.000000 
0.444272 1.050230 0.000000 
0.285829 1.138767 0.000000 
0.118469 1.206226 0.000000 
-0.054146 1.252746 0.000000 
-0.228741 1.279104 0.000000 
-0.402519 1.286552 0.000000 
-0.573194 1.276650 0.000000 
-0.738979 1.251118 0.000000 
-0.898540 1.211724 0.000000 
-1.050933 1.160193 0.000000 
-1.195536 1.098157 0.000000 
-1.331986 1.027121 0.000000 
-1.460119 0.948446 0.000000 
-1.579922 0.863347 0.000000 
-1.691493 0.772900 0.000000 
-1.795007 0.678051 0.000000 
-1.890694 0.579625 0.000000 
-1.978820 0.478344 0.000000 
-2.059671 0.374832 0.000000 
-2.133542 0.269632 0.000000 
-2.200732 0.163217 0.000000 
-2.261538 0.055995 0.000000 
-2.316250 -0.051678 0.000000 
-2.365148 -0.159496 0.000000 
-2.408504 -0.267190 0.000000 
-2.446575 -0.374528 0.000000 
-2.479610 -0.481307 0.000000 
-2.507842 -0.587351 0.000000 
-2.531496 -0.692506 0.000000 
-2.550782 -0.796638 0.000000 
-2.565900 -0.899631 0.000000 
-2.577041 -1.001380 0.000000 
-2.584382 -1.101798 0.000000 
-2.588095 -1.200806 0.000000 
-2.588340 -1.298335 0.000000 
-2.585268 -1.394326 0.000000 
-2.579024 -1.488725 0.000000 
-2.569744 -1.581487 0.000000 
-2.557557 -1.672571 0.000000 
-2.542587 -1.761941 0.000000 
-2.524949 -1.849568 0.000000 
-2.504756 -1.935423 0.000000 
-2.482111 -2.019483 0.000000 
-2.457117 -2.101727 0.000000 
-2.429868 -2.182137 0.000000 
-2.400455 -2.260696 0.000000 
-2.368967 -2.337392 0.000000 
-2.335486 -2.412210 0.000000 
-2.300093 -2.485141 0.000000 
-2.262863 -2.556176 0.000000 
-2.223870 -2.625306 0.000000 
-2.183185 -2.692524 0.000000 
-2.140874 -2.757824 0.000000 
-2.097004 -2.821200 0.000000 
-2.051637 -2.882647 0.000000 
-2.004833 -2.942161 0.000000 
-1.956650 -2.999739 0.000000 
-1.907146 -3.055377 0.000000 
-1.856374 -3.109071 0.000000 
-1.804387 -3.160819 0.000000 
-1.751236 -3.210618 0.000000 
-1.696972 -3.258467 0.000000 
-1.641643 -3.304362 0.000000 
-1.585294 -3.348301 0.000000 
-1.527974 -3.390283 0.000000 
-1.469725 -3.430304 0.000000 
-1.410592 -3.468364 0.000000 
-1.350618 -3.504460 0.000000 
-1.289844 -3.538589 0.000000 
-1.228311 -3.570750 0.000000 
-1.166060 -3.600939 0.000000 
-1.103129 -3.629155 0.000000 
-1.039559 -3.655395 0.000000 
-0.975387 -3.679655 0.000000 
-0.910652 -3.701934 0.000000 
-0.845390 -3.722228 0.000000 
-0.779640 -3.740533 0.000000 
-0.713436 -3.756846 0.000000 
-0.646817 -3.771164 0.000000 
-0.579819 -3.783482 0.000000 
-0.512476 -3.793797 0.000000 
-0.444826 -3.802104 0.000000 
-0.376904 -3.808399 0.000000 
-0.308746 -3.812676 0.000000 
-0.240388 -3.814932 0.000000 
-0.171866 -3.815160 0.000000 
-0.103216 -3.813355 0.000000 
-0.034473 -3.809512 0.000000 
0.034324 -3.803625 0.000000 
0.103140 -3.795687 0.000000 
0.171937 -3.785693 0.000000 
0.240679 -3.773635 0.000000 
0.309326 -3.759507 0.000000 
0.377841 -3.743302 0.000000 
0.446185 -3.725013 0.000000 
0.514317 -3.704631 0.000000 
0.582198 -3.682151 0.000000 
0.649786 -3.657563 0.000000 
0.717040 -3.630860 0.000000 
0.783916 -3.602034 0.000000 
0.850372 -3.571076 0.000000 
0.916362 -3.537978 0.000000 
0.981840 -3.502732 0.000000 
1.046760 -3.465329 0.000000 
1.111073 -3.425761 0.000000 
1.174729 -3.384018 0.000000 
1.237677 -3.340093 0.000000 
1.299864 -3.293977 0.000000 
1.361237 -3.245662 0.000000 
1.421738 -3.195139 0.000000 
1.481311 -3.142401 0.000000 
1.539894 -3.087439 0.000000 
1.597425 -3.030247 0.000000 
1.653841 -2.970818 0.000000 
1.709074 -2.909145 0.000000 
1.763055 -2.845224 0.000000 
1.815712 -2.779048 0.000000 
1.866970 -2.710614 0.000000 
1.916750 -2.639919 0.000000 
1.964972 -2.566962 0.000000 
2.011552 -2.491743 0.000000 
2.056400 -2.414262 0.000000 
2.099426 -2.334523 0.000000 
2.140533 -2.252531 0.000000 
2.179621 -2.168295 0.000000 
2.216586 -2.081824 0.000000 
2.251319 -1.993133 0.000000 
2.283706 -1.902239 0.000000 
2.313628 -1.809162 0.000000 
2.340962 -1.713930 0.000000 
2.365579 -1.616572 0.000000 
2.387342 -1.517126 0.000000 
2.406113 -1.415635 0.000000 
2.421744 -1.312148 0.000000 
2.434084 -1.206726 0.000000 
2.442975 -1.099434 0.000000 
2.448254 -0.990352 0.000000 
2.449751 -0.879567 0.000000 
2.447293 -0.767183 0.000000 
2.440701 -0.653314 0.000000 
2.429791 -0.538092 0.000000 
2.414378 -0.421665 0.000000 
2.394274 -0.304199 0.000000 
2.369290 -0.185880 0.000000 
2.339237 -0.066917 0.000000 
2.303931 0.052457 0.000000 
2.263194 0.171987 0.000000 
2.216854 0.291390 0.000000 
2.164754 0.410355 0.000000 
2.106752 0.528544 0.000000 
2.042727 0.645591 0.000000 
1.972584 0.761103 0.000000 
1.896257 0.874661 0.000000 
1.813720 0.985823 0.000000 
1.724986 1.094127 0.000000 
1.630116 1.199095 0.000000 
1.529223 1.300243 0.000000 
1.422476 1.397085 0.000000 
1.310102 1.489143 0.000000 
1.192387 1.575955 0.000000 
1.069676 1.657087 0.000000 
0.942366 1.732142 0.000000 
0.810908 1.800770 0.000000 
0.675792 1.862675 0.000000 
0.537542 1.917623 0.000000 
0.396708 1.965446 0.000000 
0.253849 2.006043 0.000000 
0.109525 2.039385 0.000000 
-0.035713 2.065505 0.000000 
-0.181333 2.084501 0.000000 
-0.326833 2.096525 0.000000 
-0.471744 2.101776 0.000000 
-0.615636 2.100497 0.000000 
-0.758124 2.092959 0.000000 
-0.898865 2.079460 0.000000 
-1.037560 2.060315 0.000000 
-1.173955 2.035847 0.000000 
-1.307834 2.006384 0.000000 
-1.439022 1.972253 0.000000 
-1.567376 1.933776 0.000000 
-1.692788 1.891265 0.000000 
-1.815175 1.845023 0.000000 
-1.934481 1.795339 0.000000 
-2.050672 1.742488 0.000000 
-2.163731 1.686731 0.000000 
-2.273659 1.628313 0.000000 
-2.380468 1.567464 0.000000 
-2.484183 1.504399 0.000000 
-2.584839 1.439319 0.000000 
-2.682477 1.372412 0.000000 
-2.777144 1.303851 0.000000 
-2.868893 1.233797 0.000000 
-2.957780 1.162399 0.000000 
-3.043864 1.089795 0.000000 
-3.127205 1.016114 0.000000 
-3.207866 0.941473 0.000000 
-3.285909 0.865982 0.000000 
-3.361397 0.789740 0.000000 
-3.434394 0.712842 0.000000 
-3.504960 0.635373 0.000000 
-3.573157 0.557413 0.000000 
-3.639047 0.479034 0.000000 
-3.702689 0.400304 0.000000 
-3.764140 0.321286 0.000000 
-3.823459 0.242037 0.000000 
-3.880699 0.162611 0.000000 
-3.935916 0.083057 0.000000 
-3.989163 0.003421 0.000000 
-4.040489 -0.076257 0.000000 
-4.089945 -0.155935 0.000000 
-4.137580 -0.235580 0.000000 
-4.183439 -0.315156 0.000000 
-4.227568 -0.394635 0.000000 
-4.270011 -0.473986 0.000000 
-4.310810 -0.553184 0.000000 
-4.350007 -0.632203 0.000000 
-4.387642 -0.711023 0.000000 
-4.423752 -0.789621 0.000000 
-4.458375 -0.867978 0.000000 
-4.491547 -0.946075 0.000000 
-4.523303 -1.023898 0.000000 
-4.553678 -1.101429 0.000000 
-4.582702 -1.178654 0.000000 
-4.610409 -1.255561 0.000000 
-4.636829 -1.332137 0.000000 
-4.661991 -1.408370 0.000000 
-4.685924 -1.484251 0.000000 
-4.708656 -1.559768 0.000000 
-4.730214 -1.634914 0.000000 
-4.750623 -1.709679 0.000000 
-4.769910 -1.784056 0.000000 
-4.788098 -1.858037 0.000000 
-4.805211 -1.931617 0.000000 
-4.821273 -2.004788 0.000000 
-4.836305 -2.077546 0.000000 
-4.850329 -2.149885 0.000000 
-4.863366 -2.221799 0.000000 
-4.875437 -2.293286 0.000000 
-4.886560 -2.364339 0.000000 
-4.896756 -2.434956 0.000000 
-4.906043 -2.505134 0.000000 
-4.914439 -2.574868 0.000000 
-4.921962 -2.644157 0.000000 
-4.928628 -2.712996 0.000000 
-4.934455 -2.781385 0.000000 
-4.939457 -2.849320 0.000000 
-4.943652 -2.916799 0.000000 
-4.947054 -2.983822 0.000000 
-4.949678 -3.050385 0.000000 
-4.951538 -3.116488 0.000000 
-4.952649 -3.182129 0.000000 
-4.953024 -3.247307 0.000000 
-4.952677 -3.312020 0.000000 
-4.951620 -3.376269 0.000000 
-4.949867 -3.440051 0.000000 
-4.947428 -3.503367 0.000000 
-4.944318 -3.566215 0.000000 
-4.940546 -3.628595 0.000000 
-4.936125 -3.690507 0.000000 
-4.931065 -3.751950 0.000000 
-4.925378 -3.812924 0.000000 
-4.919074 -3.873429 0.000000 
-4.912164 -3.933464 0.000000 
-4.904657 -3.993029 0.000000 
-4.896564 -4.052124 0.000000 
-4.887893 -4.110750 0.000000 
-4.878655 -4.168906 0.000000 
-4.868859 -4.226593 0.000000 
-4.858513 -4.283810 0.000000 
-4.847627 -4.340558 0.000000 
-4.836208 -4.396836 0.000000 
-4.824266 -4.452646 0.000000 
-4.811809 -4.507987 0.000000 
-4.798844 -4.562860 0.000000 
-4.785379 -4.617265 0.000000 
-4.771423 -4.671202 0.000000 
-4.756982 -4.724672 0.000000 
-4.742065 -4.777675 0.000000 
-4.726678 -4.830212 0.000000 
-4.710828 -4.882282 0.000000 
-4.694522 -4.933886 0.000000 
-4.677767 -4.985026 0.000000 
-4.660570 -5.035700 0.000000 
-4.642938 -5.085910 0.000000 
-4.624876 -5.135656 0.000000 
-4.606390 -5.184939 0.000000 
-4.587488 -5.233759 0.000000 
-4.568175 -5.282116 0.000000 
-4.548457 -5.330011 0.000000 
-4.528340 -5.377445 0.000000 
-4.507830 -5.424417 0.000000 
-4.486931 -5.470929 0.000000 
-4.465650 -5.516981 0.000000 
-4.443992 -5.562573 0.000000 
-4.421963 -5.607706 0.000000 
-4.399567 -5.652380 0.000000 
-4.376810 -5.696596 0.000000 
-4.353696 -5.740355 0.000000 
-4.330231 -5.783656 0.000000 
-4.306420 -5.826500 0.000000 
-4.282267 -5.868888 0.000000 
-4.257777 -5.910820 0.000000 
-4.232955 -5.952297 0.000000 
-4.207805 -5.993318 0.000000 
-4.182331 -6.033885 0.000000 
-4.156539 -6.073998 0.000000 
-4.130432 -6.113657 0.000000 
-4.104015 -6.152862 0.000000 
-4.077292 -6.191615 0.000000 
-4.050267 -6.229915 0.000000 
-4.022944 -6.267762 0.000000 
-3.995328 -6.305158 0.000000 
-3.967421 -6.342102 0.000000 
-3.939229 -6.378595 0.000000 
-3.910755 -6.414638 0.000000 
-3.882002 -6.450230 0.000000 
-3.852975 -6.485371 0.000000 
-3.823678 -6.520063 0.000000 
-3.794113 -6.554305 0.000000 
-3.764284 -6.588098 0.000000 
-3.734196 -6.621441 0.000000 
-3.703851 -6.654336 0.000000 
-3.673253 -6.686783 0.000000 
-3.642406 -6.718780 0.000000 
-3.611313 -6.750330 0.000000 
-3.579976 -6.781432 0.000000 
-3.548401 -6.812086 0.000000 
-3.516588 -6.842293 0.000000 
-3.484543 -6.872052 0.000000 
-3.452268 -6.901364 0.000000 
-3.419767 -6.930229 0.000000 
-3.387041 -6.958647 0.000000 
-3.354095 -6.986618 0.000000 
-3.320932 -7.014142 0.000000 
-3.287555 -7.041220 0.000000 
-3.253965 -7.067851 0.000000 
-3.220168 -7.094036 0.000000 
-3.186165 -7.119774 0.000000 
-3.151959 -7.145065 0.000000 
-3.117553 -7.169910 0.000000 
-3.082950 -7.194309 0.000000 
-3.048154 -7.218261 0.000000 
-3.013166 -7.241766 0.000000 
-2.977989 -7.264825 0.000000 
-2.942626 -7.287438 0.000000 
-2.907081 -7.309604 0.000000 
-2.871355 -7.331323 0.000000 
-2.835451 -7.352595 0.000000 
-2.799372 -7.373420 0.000000 
-2.763121 -7.393798 0.000000 
-2.726700 -7.413728 0.000000 
-2.690112 -7.433212 0.000000 
-2.653359 -7.452247 0.000000 
-2.616444 -7.470835 0.000000 
-2.579370 -7.488975 0.000000 
-2.542138 -7.506667 0.000000 
-2.504752 -7.523910 0.000000 
-2.467214 -7.540704 0.000000 
-2.429527 -7.557049 0.000000 
-2.391693 -7.572945 0.000000 
-2.353714 -7.588391 0.000000 
-2.315593 -7.603388 0.000000 
-2.277332 -7.617934 0.000000 
-2.238934 -7.632029 0.000000 
-2.200401 -7.645674 0.000000 
-2.161736 -7.658867 0.000000 
-2.122941 -7.671608 0.000000 
-2.084018 -7.683897 0.000000 
-2.044970 -7.695733 0.000000 
-2.005799 -7.707116 0.000000 
-1.966507 -7.718045 0.000000 
-1.927097 -7.728521 0.000000 
-1.887572 -7.738542 0.000000 
-1.847933 -7.748107 0.000000 
-1.808182 -7.757217 0.000000 
-1.768323 -7.765871 0.000000 
-1.728358 -7.774068 0.000000 
-1.688288 -7.781807 0.000000 
-1.648117 -7.789089 0.000000 
-1.607845 -7.795911 0.000000 
-1.567477 -7.802275 0.000000 
-1.527014 -7.808178 0.000000 
-1.486458 -7.813621 0.000000 
-1.445813 -7.818602 0.000000 
-1.405079 -7.823121 0.000000 
-1.364259 -7.827177 0.000000 
-1.323357 -7.830770 0.000000 
-1.282373 -7.833898 0.000000 
-1.241311 -7.836561 0.000000 
-1.200172 -7.838758 0.000000 
-1.158960 -7.840488 0.000000 
-1.117675 -7.841750 0.000000 
-1.076322 -7.842544 0.000000 
-1.034902 -7.842867 0.000000 
-0.993417 -7.842721 0.000000 
-0.951870 -7.842103 0.000000 
-0.910263 -7.841012 0.000000 
-0.868598 -7.839448 0.000000 
-0.826879 -7.837410 0.000000 
-0.785107 -7.834896 0.000000 
-0.743284 -7.831906 0.000000 
-0.701414 -7.828438 0.000000 
-0.659498 -7.824492 0.000000 
-0.617539 -7.820065 0.000000 
-0.575540 -7.815158 0.000000 
-0.533503 -7.809769 0.000000 
-0.491430 -7.803896 0.000000 
-0.449324 -7.797538 0.000000 
-0.407187 -7.790695 0.000000 
-0.365022 -7.783365 0.000000 
-0.322832 -7.775547 0.000000 
-0.280619 -7.767239 0.000000 
-0.238385 -7.758440 0.000000 
-0.196134 -7.749148 0.000000 
-0.153867 -7.739363 0.000000 
-0.111588 -7.729083 0.000000 
-0.069299 -7.718306 0.000000 
-0.027003 -7.707032 0.000000 
0.015297 -7.695257 0.000000 
0.057600 -7.682982 0.000000 
0.099901 -7.670204 0.000000 
0.142199 -7.656922 0.000000 
0.184490 -7.643135 0.000000 
0.226771 -7.628840 0.000000 
0.269040 -7.614036 0.000000 
0.311294 -7.598721 0.000000 
0.353530 -7.582894 0.000000 
0.395745 -7.566553 0.000000 
0.437936 -7.549696 0.000000 
0.480100 -7.532321 0.000000 
0.522234 -7.514427 0.000000 
0.564334 -7.496011 0.000000 
0.606398 -7.477073 0.000000 
0.648423 -7.457609 0.000000 
0.690405 -7.437617 0.000000 
0.732340 -7.417097 0.000000 
0.774227 -7.396046 0.000000 
0.816061 -7.374462 0.000000 
0.857839 -7.352342 0.000000 
0.899557 -7.329685 0.000000 
0.941212 -7.306489 0.000000 
0.982801 -7.282751 0.000000 
1.024320 -7.258469 0.000000 
1.065765 -7.233641 0.000000 
1.107133 -7.208264 0.000000 
1.148420 -7.182337 0.000000 
1.189622 -7.155857 0.000000 
1.230735 -7.128821 0.000000 
1.271755 -7.101227 0.000000 
1.312678 -7.073073 0.000000 
1.353501 -7.044356 0.000000 
1.394218 -7.015074 0.000000 
1.434827 -6.985224 0.000000 
1.475322 -6.954803 0.000000 
1.515699 -6.923809 0.000000 
1.555955 -6.892239 0.000000 
1.596083 -6.860090 0.000000 
1.636080 -6.827360 0.000000 
1.675942 -6.794046 0.000000 
1.715662 -6.760144 0.000000 
1.755237 -6.725652 0.000000 
1.794662 -6.690568 0.000000 
1.833931 -6.654887 0.000000 
1.873039 -6.618607 0.000000 
1.911982 -6.581725 0.000000 
1.950753 -6.544238 0.000000 
1.989347 -6.506143 0.000000 
2.027759 -6.467436 0.000000 
2.065983 -6.428114 0.000000 
2.104014 -6.388174 0.000000 
2.141844 -6.347612 0.000000 
2.179469 -6.306426 0.000000 
2.216882 -6.264611 0.000000 
2.254076 -6.222165 0.000000 
2.291046 -6.179083 0.000000 
2.327784 -6.135363 0.000000 
2.364284 -6.091000 0.000000 
2.400538 -6.045990 0.000000 
2.436541 -6.000331 0.000000 
2.472284 -5.954018 0.000000 
2.507760 -5.907048 0.000000 
2.542961 -5.859417 0.000000 
2.577880 -5.811120 0.000000 
2.612509 -5.762154 0.000000 
2.646839 -5.712515 0.000000 
2.680862 -5.662199 0.000000 
2.714569 -5.611202 0.000000 
2.747952 -5.559519 0.000000 
2.781002 -5.507147 0.000000 
2.813708 -5.454081 0.000000 
2.846062 -5.400318 0.000000 
2.878054 -5.345852 0.000000 
2.909673 -5.290679 0.000000 
2.940910 -5.234796 0.000000 
2.971753 -5.178197 0.000000 
3.002192 -5.120879 0.000000 
3.032216 -5.062837 0.000000 
3.061812 -5.004066 0.000000 
3.090969 -4.944562 0.000000 
3.119675 -4.884320 0.000000 
3.147917 -4.823336 0.000000 
3.175682 -4.761606 0.000000 
3.202957 -4.699124 0.000000 
3.229728 -4.635886 0.000000 
3.255980 -4.571888 0.000000 
3.281700 -4.507125 0.000000 
3.306871 -4.441593 0.000000 
3.331479 -4.375287 0.000000 
3.355508 -4.308202 0.000000 
3.378940 -4.240334 0.000000 
3.401759 -4.171679 0.000000 
3.423947 -4.102232 0.000000 
3.445486 -4.031989 0.000000 
3.466357 -3.960946 0.000000 
3.486541 -3.889099 0.000000 
3.506017 -3.816443 0.000000 
3.524765 -3.742975 0.000000 
3.542764 -3.668691 0.000000 
3.559991 -3.593588 0.000000 
3.576423 -3.517661 0.000000 
3.592036 -3.440908 0.000000 
3.606806 -3.363326 0.000000 
3.620708 -3.284912 0.000000 
3.633715 -3.205663 0.000000 
3.645799 -3.125578 0.000000 
3.656933 -3.044654 0.000000 
3.667088 -2.962890 0.000000 
3.676232 -2.880285 0.000000 
3.684335 -2.796839 0.000000 
3.691364 -2.712551 0.000000 
3.697285 -2.627423 0.000000 
3.702063 -2.541454 0.000000 
3.705662 -2.454648 0.000000 
3.708044 -2.367006 0.000000 
3.709170 -2.278532 0.000000 
3.709001 -2.189231 0.000000 
3.707493 -2.099108 0.000000 
3.704603 -2.008170 0.000000 
3.700287 -1.916424 0.000000 
3.694497 -1.823879 0.000000 
3.687186 -1.730545 0.000000 
3.678302 -1.636436 0.000000 
3.667795 -1.541565 0.000000 
3.655610 -1.445947 0.000000 
3.641691 -1.349601 0.000000 
3.625983 -1.252546 0.000000 
3.608424 -1.154806 0.000000 
3.588953 -1.056406 0.000000 
3.567508 -0.957373 0.000000 
3.544024 -0.857741 0.000000 
3.518432 -0.757543 0.000000 
3.490666 -0.656818 0.000000 
3.460653 -0.555610 0.000000 
3.428322 -0.453966 0.000000 
3.393599 -0.351937 0.000000 
3.356409 -0.249582 0.000000 
3.316676 -0.146963 0.000000 
3.274324 -0.044150 0.000000 
3.229273 0.058783 0.000000 
3.181448 0.161754 0.000000 
3.130771 0.264672 0.000000 
3.077164 0.367442 0.000000 
3.020554 0.469958 0.000000 
2.960867 0.572106 0.000000 
2.898033 0.673765 0.000000 
2.831985 0.774803 0.000000 
2.762664 0.875079 0.000000 
2.690012 0.974445 0.000000 
2.613983 1.072740 0.000000 
2.534535 1.169798 0.000000 
2.451638 1.265440 0.000000 
2.365274 1.359481 0.000000 
2.275436 1.451730 0.000000 
2.182131 1.541985 0.000000 
2.085382 1.630044 0.000000 
1.985229 1.715697 0.000000 
1.881729 1.798734 0.000000 
1.774959 1.878945 0.000000 
1.665014 1.956121 0.000000 
1.552010 2.030059 0.000000 
1.436083 2.100562 0.000000 
1.317388 2.167445 0.000000 
1.196099 2.230534 0.000000 
1.072407 2.289669 0.000000 
0.946520 2.344710 0.000000 
0.818658 2.395536 0.000000 
0.689054 2.442045 0.000000 
0.557948 2.484160 0.000000 
0.425587 2.521827 0.000000 
0.292219 2.555014 0.000000 
0.158095 2.583715 0.000000 
0.023459 2.607945 0.000000 
-0.111448 2.627741 0.000000 
-0.246394 2.643163 0.000000 
-0.381158 2.654287 0.000000 
-0.515530 2.661205 0.000000 
-0.649314 2.664027 0.000000 
-0.782327 2.662873 0.000000 
-0.914404 2.657873 0.000000 
-1.045391 2.649166 0.000000 
-1.175152 2.636897 0.000000 
-1.303567 2.621215 0.000000 
-1.430529 2.602272 0.000000 
-1.555944 2.580219 0.000000 
-1.679733 2.555209 0.000000 
-1.801829 2.527392 0.000000 
-1.922178 2.496915 0.000000 
-2.040733 2.463923 0.000000 
-2.157459 2.428556 0.000000 
-2.272332 2.390950 0.000000 
-2.385331 2.351236 0.000000 
-2.496446 2.309539 0.000000 
-2.605671 2.265979 0.000000 
-2.713008 2.220672 0.000000 
-2.818461 2.173728 0.000000 
-2.922041 2.125250 0.000000 
-3.023761 2.075337 0.000000 
-3.123637 2.024084 0.000000 
-3.221690 1.971578 0.000000 
-3.317939 1.917904 0.000000 
-3.412409 1.863142 0.000000 
-3.505125 1.807365 0.000000 
-3.596112 1.750645 0.000000 
-3.685399 1.693048 0.000000 
-3.773014 1.634636 0.000000 
-3.858984 1.575470 0.000000 
-3.943339 1.515603 0.000000 
-4.026108 1.455089 0.000000 
-4.107321 1.393977 0.000000 
-4.187007 1.332313 0.000000 
-4.265195 1.270141 0.000000 
-4.341913 1.207501 0.000000 
-4.417192 1.144432 0.000000 
-4.491059 1.080971 0.000000 
-4.563542 1.017151 0.000000 
-4.634670 0.953005 0.000000 
-4.704468 0.888563 0.000000 
-4.772965 0.823853 0.000000 
-4.840186 0.758902 0.000000 
-4.906156 0.693735 0.000000 
-4.970902 0.628377 0.000000 
-5.034448 0.562848 0.000000 
-5.096817 0.497171 0.000000 
-5.158035 0.431365 0.000000 
-5.218122 0.365449 0.000000 
-5.277103 0.299440 0.000000 
-5.334999 0.233355 0.000000 
-5.391831 0.167210 0.000000 
-5.447621 0.101019 0.000000 
-5.502388 0.034797 0.000000 
-5.556153 -0.031444 0.000000 
-5.608935 -0.097691 0.000000 
-5.660754 -0.163933 0.000000 
-5.711626 -0.230158 0.000000 
-5.761572 -0.296357 0.000000 
-5.810607 -0.362518 0.000000 
-5.858749 -0.428634 0.000000 
-5.906015 -0.494695 0.000000 
-5.952421 -0.560694 0.000000 
-5.997982 -0.626621 0.000000 
-6.042715 -0.692470 0.000000 
-6.086634 -0.758235 0.000000 
-6.129753 -0.823908 0.000000 
-6.172088 -0.889483 0.000000 
-6.213651 -0.954954 0.000000 
-6.254457 -1.020316 0.000000 
-6.294519 -1.085564 0.000000 
-6.333849 -1.150693 0.000000 
-6.372461 -1.215697 0.000000 
-6.410366 -1.280573 0.000000 
-6.447577 -1.345317 0.000000 
-6.484104 -1.409924 0.000000 
-6.519960 -1.474391 0.000000 
-6.555156 -1.538715 0.000000 
-6.589701 -1.602892 0.000000 
-6.623608 -1.666918 0.000000 
-6.656886 -1.730792 0.000000 
-6.689546 -1.794510 0.000000 
-6.721597 -1.858070 0.000000 
-6.753048 -1.921469 0.000000 
-6.783910 -1.984705 0.000000 
-6.814191 -2.047775 0.000000 
-6.843900 -2.110679 0.000000 
-6.873047 -2.173413 0.000000 
-6.901638 -2.235976 0.000000 
-6.929684 -2.298367 0.000000 
-6.957192 -2.360583 0.000000 
-6.984170 -2.422624 0.000000 
-7.010626 -2.484487 0.000000 
-7.036568 -2.546172 0.000000 
-7.062002 -2.607677 0.000000 
-7.086937 -2.669002 0.000000 
-7.111379 -2.730144 0.000000 
-7.135335 -2.791104 0.000000 
-7.158812 -2.851880 0.000000 
-7.181818 -2.912471 0.000000 
-7.204358 -2.972877 0.000000 
-7.226438 -3.033096 0.000000 
-7.248066 -3.093129 0.000000 
-7.269247 -3.152974 0.000000 
-7.289987 -3.212631 0.000000 
-7.310293 -3.272099 0.000000 
-7.330169 -3.331378 0.000000 
-7.349622 -3.390468 0.000000 
-7.368657 -3.449368 0.000000 
-7.387279 -3.508077 0.000000 
-7.405494 -3.566596 0.000000 
-7.423308 -3.624924 0.000000 
-7.440724 -3.683061 0.000000 
-7.457749 -3.741006 0.000000 
-7.474386 -3.798760 0.000000 
-7.490642 -3.856322 0.000000 
-7.506520 -3.913693 0.000000 
-7.522025 -3.970871 0.000000 
-7.537162 -4.027858 0.000000 
-7.551936 -4.084653 0.000000 
-7.566350 -4.141255 0.000000 
-7.580408 -4.197666 0.000000 
-7.594116 -4.253884 0.000000 
-7.607478 -4.309910 0.000000 
-7.620496 -4.365745 0.000000 
-7.633176 -4.421387 0.000000 
-7.645521 -4.476838 0.000000 
-7.657535 -4.532097 0.000000 
-7.669222 -4.587164 0.000000 
-7.680586 -4.642040 0.000000 
-7.691629 -4.696725 0.000000 
-7.702357 -4.751219 0.000000 
-7.712771 -4.805521 0.000000 
-7.722877 -4.859633 0.000000 
-7.732677 -4.913555 0.000000 
-7.742174 -4.967286 0.000000 
-7.751371 -5.020826 0.000000 
-7.760273 -5.074177 0.000000 
-7.768882 -5.127338 0.000000 
-7.777201 -5.180310 0.000000 
-7.785234 -5.233093 0.000000 
-7.792983 -5.285686 0.000000 
-7.800451 -5.338091 0.000000 
-7.807641 -5.390308 0.000000 
-7.814557 -5.442336 0.000000 
-7.821200 -5.494177 0.000000 
-7.827575 -5.545830 0.000000 
-7.833682 -5.597296 0.000000 
-7.839526 -5.648575 0.000000 
-7.845109 -5.699667 0.000000 
-7.850433 -5.750573 0.000000 
-7.855500 -5.801292 0.000000 
-7.860315 -5.851827 0.000000 
-7.864878 -5.902175 0.000000 
-7.869193 -5.952339 0.000000 
-7.873261 -6.002318 0.000000 
-7.877086 -6.052112 0.000000 
-7.880669 -6.101723 0.000000 
-7.884014 -6.151150 0.000000 
-7.887121 -6.200393 0.000000 
-7.889994 -6.249453 0.000000 
-7.892634 -6.298330 0.000000 
-7.895044 -6.347026 0.000000 
-7.897225 -6.395539 0.000000 
-7.899181 -6.443870 0.000000 
-7.900913 -6.492020 0.000000 
-7.902423 -6.539989 0.000000 
-7.903713 -6.587777 0.000000 
-7.904785 -6.635385 0.000000 
-7.905641 -6.682813 0.000000 
-7.906283 -6.730061 0.000000 
-7.906713 -6.777130 0.000000 
-7.906933 -6.824020 0.000000 
-7.906945 -6.870732 0.000000 
-7.906750 -6.917265 0.000000 
-7.906350 -6.963620 0.000000 
-7.905747 -7.009798 0.000000 
-7.904944 -7.055799 0.000000 
-7.903940 -7.101623 0.000000 
-7.902739 -7.147270 0.000000 
-7.901342 -7.192741 0.000000 
-7.899750 -7.238036 0.000000 
-7.897966 -7.283156 0.000000 
-7.895991 -7.328101 0.000000 
-7.893826 -7.372870 0.000000 
-7.891473 -7.417466 0.000000 
-7.888933 -7.461887 0.000000 
-7.886209 -7.506135 0.000000 
-7.883301 -7.550209 0.000000 
-7.880212 -7.594110 0.000000 
-7.876942 -7.637838 0.000000 
-7.873493 -7.681394 0.000000 
-7.869867 -7.724778 0.000000 
-7.866065 -7.767990 0.000000 
-7.862088 -7.811030 0.000000 
-7.857937 -7.853900 0.000000 
-7.853615 -7.896598 0.000000 
-7.849123 -7.939126 0.000000 
-7.844461 -7.981485 0.000000 
-7.839631 -8.023673 0.000000 
-7.834635 -8.065692 0.000000 
-7.829473 -8.107541 0.000000 
-7.824148 -8.149222 0.000000 
-7.818659 -8.190735 0.000000 
-7.813010 -8.232079 0.000000 
-7.807200 -8.273255 0.000000 
-7.801231 -8.314264 0.000000 
-7.795104 -8.355105 0.000000 
-7.788820 -8.395779 0.000000 
-7.782381 -8.436287 0.000000 
-7.775788 -8.476629 0.000000 
-7.769041 -8.516804 0.000000 
-7.762142 -8.556814 0.000000 
-7.755093 -8.596658 0.000000 
-7.747893 -8.636337 0.000000 
-7.740545 -8.675851 0.000000 
-7.733050 -8.715201 0.000000 
-7.725408 -8.754386 0.000000 
-7.717620 -8.793408 0.000000 
-7.709688 -8.832265 0.000000 
-7.701612 -8.870960 0.000000 
-7.693394 -8.909491 0.000000 
-7.685035 -8.947859 0.000000 
-7.676535 -8.986065 0.000000 
-7.667896 -9.024108 0.000000 
-7.659118 -9.061990 0.000000 
-7.650204 -9.099710 0.000000 
-7.641152 -9.137268 0.000000 
-7.631965 -9.174665 0.000000 
-7.622644 -9.211902 0.000000 
-7.613189 -9.248977 0.000000 
-7.603601 -9.285893 0.000000 
-7.593882 -9.322648 0.000000 
-7.584031 -9.359243 0.000000 
-7.574051 -9.395679 0.000000 
-7.563941 -9.431955 0.000000 
-7.553703 -9.468072 0.000000 
-7.543338 -9.504031 0.000000 
-7.532847 -9.539831 0.000000 
-7.522229 -9.575472 0.000000 
-7.511487 -9.610956 0.000000 
-7.500621 -9.646281 0.000000 
-7.489632 -9.681449 0.000000 
-7.478520 -9.716460 0.000000 
-7.467287 -9.751314 0.000000 
-7.455933 -9.786011 0.000000 
-7.444459 -9.820551 0.000000 
-7.432866 -9.854934 0.000000 
-7.421154 -9.889162 0.000000 
-7.409325 -9.923233 0.000000 
-7.397380 -9.957149 0.000000 
-7.385318 -9.990910 0.000000 
-7.373140 -10.024515 0.000000 
-7.360848 -10.057965 0.000000 
-7.348443 -10.091260 0.000000 
-7.335924 -10.124401 0.000000 
-7.323292 -10.157387 0.000000 
-7.310549 -10.190219 0.000000 
-7.297695 -10.222898 0.000000 
-7.284731 -10.255422 0.000000 
-7.271657 -10.287793 0.000000 
-7.258474 -10.320011 0.000000 
-7.245183 -10.352075 0.000000 
-7.231784 -10.383987 0.000000 
-7.218279 -10.415746 0.000000 
-7.204667 -10.447352 0.000000 
-7.190950 -10.478806 0.000000 
-7.177128 -10.510108 0.000000 
-7.163201 -10.541258 0.000000 
-7.149171 -10.572256 0.000000 
-7.135038 -10.603103 0.000000 
-7.120803 -10.633798 0.000000 
-7.106466 -10.664343 0.000000 
-7.092027 -10.694736 0.000000 
-7.077489 -10.724978 0.000000 
-7.062850 -10.755070 0.000000 
-7.048112 -10.785011 0.000000 
-7.033276 -10.814803 0.000000 
-7.018341 -10.844444 0.000000 
-7.003309 -10.873935 0.000000 
-6.988180 -10.903276 0.000000 
-6.972955 -10.932468 0.000000 
-6.957634 -10.961510 0.000000 
-6.942217 -10.990404 0.000000 
-6.926707 -11.019148 0.000000 
-6.911102 -11.047743 0.000000 
-6.895403 -11.076190 0.000000 
-6.879612 -11.104488 0.000000 
-6.863728 -11.132637 0.000000 
-6.847753 -11.160639 0.000000 
-6.831686 -11.188492 0.000000 
-6.815528 -11.216197 0.000000 
-6.799280 -11.243755 0.000000 
-6.782943 -11.271164 0.000000 
-6.766516 -11.298427 0.000000 
-6.750000 -11.325542 0.000000 
-6.733397 -11.352509 0.000000 
-6.716705 -11.379330 0.000000 
-6.699927 -11.406004 0.000000 
-6.683062 -11.432531 0.000000 
-6.666110 -11.458911 0.000000 
-6.649074 -11.485145 0.000000 
-6.631952 -11.511233 0.000000 
-6.614745 -11.537174 0.000000 
-6.597454 -11.562969 0.000000 
-6.580079 -11.588618 0.000000 
-6.562622 -11.614121 0.000000 
-6.545081 -11.639479 0.000000 
-6.527458 -11.664691 0.000000 
-6.509754 -11.689757 0.000000 
-6.491968 -11.714679 0.000000 
-6.474101 -11.739455 0.000000 
-6.456154 -11.764085 0.000000 
-6.438127 -11.788571 0.000000 
-6.420020 -11.812912 0.000000 
-6.401834 -11.837108 0.000000 
-6.383570 -11.861160 0.000000 
-6.365227 -11.885067 0.000000 
-6.346807 -11.908829 0.000000 
-6.328310 -11.932448 0.000000 
-6.309735 -11.955922 0.000000 
-6.291084 -11.979251 0.000000 
-6.272357 -12.002437 0.000000 
-6.253555 -12.025479 0.000000 
-6.234677 -12.048377 0.000000 
-6.215725 -12.071132 0.000000 
-6.196698 -12.093743 0.000000 
-6.177598 -12.116210 0.000000 
-6.158424 -12.138534 0.000000 
-6.139177 -12.160714 0.000000 
-6.119857 -12.182751 0.000000 
-6.100465 -12.204646 0.000000 
-6.081001 -12.226397 0.000000 
-6.061465 -12.248005 0.000000 
-6.041859 -12.269470 0.000000 
-6.022182 -12.290792 0.000000 
-6.002434 -12.311972 0.000000 
-5.982617 -12.333009 0.000000 
-5.962730 -12.353903 0.000000 
-5.942774 -12.374655 0.000000 
-5.922749 -12.395264 0.000000 
-5.902656 -12.415731 0.000000 
-5.882495 -12.436056 0.000000 
-5.862266 -12.456239 0.000000 
-5.841970 -12.476279 0.000000 
-5.821607 -12.496177 0.000000 
-5.801178 -12.515934 0.000000 
-5.780683 -12.535548 0.000000 
-5.760121 -12.555020 0.000000 
-5.739495 -12.574351 0.000000 
-5.718803 -12.593540 0.000000 
-5.698047 -12.612587 0.000000 
-5.677226 -12.631493 0.000000 
-5.656342 -12.650257 0.000000 
-5.635393 -12.668879 0.000000 
-5.614382 -12.687360 0.000000 
-5.593307 -12.705700 0.000000 
-5.572171 -12.723898 0.000000 
-5.550971 -12.741955 0.000000 
-5.529710 -12.759870 0.000000 
-5.508388 -12.777644 0.000000 
-5.487004 -12.795277 0.000000 
-5.465559 -12.812769 0.000000 
-5.444054 -12.830120 0.000000 
-5.422489 -12.847330 0.000000 
-5.400864 -12.864399 0.000000 
-5.379179 -12.881326 0.000000 
-5.357435 -12.898113 0.000000 
-5.335632 -12.914759 0.000000 
-5.313771 -12.931264 0.000000 
-5.291852 -12.947628 0.000000 
-5.269875 -12.963851 0.000000 
-5.247840 -12.979934 0.000000 
-5.225748 -12.995875 0.000000 
-5.203599 -13.011676 0.000000 
-5.181393 -13.027336 0.000000 
-5.159131 -13.042856 0.000000 
-5.136813 -13.058235 0.000000 
-5.114440 -13.073473 0.000000 
-5.092011 -13.088570 0.000000 
-5.069527 -13.103527 0.000000 
-5.046989 -13.118343 0.000000 
-5.024396 -13.133019 0.000000 
-5.001749 -13.147554 0.000000 
-4.979048 -13.161948 0.000000 
-4.956294 -13.176202 0.000000 
-4.933487 -13.190315 0.000000 
-4.910627 -13.204288 0.000000 
-4.887714 -13.218120 0.000000 
-4.864749 -13.231812 0.000000 
-4.841731 -13.245363 0.000000 
-4.818663 -13.258774 0.000000 
-4.795543 -13.272044 0.000000 
-4.772371 -13.285173 0.000000 
-4.749149 -13.298162 0.000000 
-4.725877 -13.311011 0.000000 
-4.702554 -13.323719 0.000000 
