earth 
1.000000 0.000000 0.000000 
0.996280 0.068448 0.000000 
0.985117 0.136385 0.000000 
0.966503 0.203290 0.000000 
0.940425 0.268625 0.000000 
0.906868 0.331824 0.000000 
0.865819 0.392282 0.000000 
0.817269 0.449341 0.000000 
0.761224 0.502279 0.000000 
0.697713 0.550291 0.000000 
0.626803 0.592468 0.000000 
0.548626 0.627775 0.000000 
0.463405 0.655022 0.000000 
0.371509 0.672835 0.000000 
0.273526 0.679622 0.000000 
0.170367 0.673550 0.000000 
0.063428 0.652534 0.000000 
-0.045185 0.614291 0.000000 
-0.152360 0.556490 0.000000 
-0.253632 0.477133 0.000000 
-0.342945 0.375276 0.000000 
-0.412838 0.252169 0.000000 
-0.455600 0.112490 0.000000 
-0.465563 -0.035288 0.000000 
-0.441495 -0.180486 0.000000 
-0.387154 -0.313308 0.000000 
-0.309498 -0.427262 0.000000 
-0.216161 -0.519569 0.000000 
-0.113800 -0.590184 0.000000 
-0.007539 -0.640578 0.000000 
0.098935 -0.672844 0.000000 
0.203069 -0.689195 0.000000 
0.303129 -0.691722 0.000000 
0.397954 -0.682301 0.000000 
0.486771 -0.662579 0.000000 
0.569071 -0.633987 0.000000 
0.644524 -0.597767 0.000000 
0.712917 -0.554999 0.000000 
0.774118 -0.506632 0.000000 
0.828047 -0.453505 0.000000 
0.874654 -0.396369 0.000000 
0.913912 -0.335902 0.000000 
0.945804 -0.272729 0.000000 
0.970319 -0.207427 0.000000 
0.987443 -0.140546 0.000000 
0.997164 -0.072611 0.000000 
0.999461 -0.004135 0.000000 
0.994310 0.064371 0.000000 
0.981681 0.132393 0.000000 
0.961538 0.199402 0.000000 
0.933840 0.264844 0.000000 
0.898545 0.328132 0.000000 
0.855613 0.388630 0.000000 
0.805010 0.445645 0.000000 
0.746719 0.498403 0.000000 
0.680750 0.546037 0.000000 
0.607161 0.587559 0.000000 
0.526082 0.621832 0.000000 
0.437761 0.647545 0.000000 
0.342618 0.663168 0.000000 
