mercury 
0.307500 0.000000 0.000000 
0.307487 0.003065 0.000000 
0.307449 0.006131 0.000000 
0.307385 0.009195 0.000000 
0.307296 0.012259 0.000000 
0.307181 0.015322 0.000000 
0.307041 0.018383 0.000000 
0.306876 0.021443 0.000000 
0.306685 0.024502 0.000000 
0.306468 0.027558 0.000000 
0.306227 0.030612 0.000000 
0.305960 0.033663 0.000000 
0.305667 0.036712 0.000000 
0.305350 0.039758 0.000000 
0.305007 0.042800 0.000000 
0.304639 0.045839 0.000000 
0.304246 0.048874 0.000000 
0.303828 0.051905 0.000000 
0.303385 0.054932 0.000000 
0.302917 0.057954 0.000000 
0.302424 0.060971 0.000000 
0.301906 0.063984 0.000000 
0.301363 0.066991 0.000000 
0.300796 0.069993 0.000000 
0.300204 0.072988 0.000000 
0.299588 0.075979 0.000000 
0.298947 0.078962 0.000000 
0.298282 0.081940 0.000000 
0.297592 0.084910 0.000000 
0.296878 0.087874 0.000000 
0.296140 0.090831 0.000000 
0.295378 0.093780 0.000000 
0.294593 0.096722 0.000000 
0.293783 0.099656 0.000000 
0.292950 0.102581 0.000000 
0.292093 0.105499 0.000000 
0.291212 0.108408 0.000000 
0.290308 0.111308 0.000000 
0.289381 0.114200 0.000000 
0.288431 0.117082 0.000000 
0.287458 0.119955 0.000000 
0.286461 0.122818 0.000000 
0.285442 0.125672 0.000000 
0.284400 0.128516 0.000000 
0.283336 0.131349 0.000000 
0.282249 0.134172 0.000000 
0.281140 0.136984 0.000000 
0.280009 0.139786 0.000000 
0.278856 0.142577 0.000000 
0.277681 0.145356 0.000000 
0.276484 0.148124 0.000000 
0.275265 0.150881 0.000000 
0.274025 0.153625 0.000000 
0.272764 0.156358 0.000000 
0.271482 0.159079 0.000000 
0.270178 0.161787 0.000000 
0.268854 0.164483 0.000000 
0.267509 0.167166 0.000000 
0.266144 0.169837 0.000000 
0.264758 0.172494 0.000000 
0.263352 0.175138 0.000000 
0.261926 0.177769 0.000000 
0.260480 0.180386 0.000000 
0.259014 0.182990 0.000000 
0.257529 0.185580 0.000000 
0.256024 0.188155 0.000000 
0.254500 0.190717 0.000000 
0.252957 0.193265 0.000000 
0.251395 0.195797 0.000000 
0.249814 0.198316 0.000000 
0.248215 0.200819 0.000000 
0.246597 0.203308 0.000000 
0.244961 0.205782 0.000000 
0.243307 0.208241 0.000000 
0.241635 0.210684 0.000000 
0.239946 0.213112 0.000000 
0.238239 0.215524 0.000000 
0.236515 0.217921 0.000000 
0.234773 0.220302 0.000000 
0.233015 0.222667 0.000000 
0.231240 0.225016 0.000000 
0.229448 0.227348 0.000000 
0.227640 0.229665 0.000000 
0.225816 0.231965 0.000000 
0.223975 0.234249 0.000000 
0.222119 0.236516 0.000000 
0.220247 0.238766 0.000000 
0.218360 0.241000 0.000000 
0.216457 0.243217 0.000000 
0.214539 0.245416 0.000000 
0.212606 0.247599 0.000000 
0.210659 0.249765 0.000000 
0.208696 0.251913 0.000000 
0.206720 0.254044 0.000000 
0.204729 0.256157 0.000000 
0.202725 0.258253 0.000000 
0.200706 0.260331 0.000000 
0.198674 0.262392 0.000000 
0.196629 0.264435 0.000000 
0.194570 0.266460 0.000000 
0.192498 0.268467 0.000000 
0.190413 0.270457 0.000000 
0.188316 0.272428 0.000000 
0.186206 0.274381 0.000000 
0.184084 0.276316 0.000000 
0.181950 0.278233 0.000000 
0.179803 0.280132 0.000000 
0.177645 0.282012 0.000000 
0.175476 0.283874 0.000000 
0.173295 0.285717 0.000000 
0.171103 0.287542 0.000000 
0.168900 0.289349 0.000000 
0.166686 0.291137 0.000000 
0.164461 0.292906 0.000000 
0.162226 0.294657 0.000000 
0.159981 0.296389 0.000000 
0.157725 0.298103 0.000000 
0.155460 0.299797 0.000000 
0.153185 0.301473 0.000000 
0.150900 0.303131 0.000000 
0.148606 0.304769 0.000000 
0.146303 0.306388 0.000000 
0.143991 0.307989 0.000000 
0.141670 0.309571 0.000000 
0.139340 0.311134 0.000000 
0.137002 0.312677 0.000000 
0.134655 0.314202 0.000000 
0.132301 0.315708 0.000000 
0.129938 0.317195 0.000000 
0.127568 0.318663 0.000000 
0.125190 0.320112 0.000000 
0.122805 0.321542 0.000000 
0.120412 0.322953 0.000000 
0.118012 0.324345 0.000000 
0.115606 0.325718 0.000000 
0.113192 0.327072 0.000000 
0.110772 0.328407 0.000000 
0.108346 0.329723 0.000000 
0.105913 0.331020 0.000000 
0.103475 0.332298 0.000000 
0.101030 0.333557 0.000000 
0.098580 0.334797 0.000000 
0.096124 0.336018 0.000000 
0.093662 0.337220 0.000000 
0.091196 0.338403 0.000000 
0.088724 0.339567 0.000000 
0.086247 0.340712 0.000000 
0.083766 0.341838 0.000000 
0.081280 0.342945 0.000000 
0.078789 0.344034 0.000000 
0.076294 0.345103 0.000000 
0.073795 0.346154 0.000000 
0.071292 0.347186 0.000000 
0.068785 0.348199 0.000000 
0.066274 0.349193 0.000000 
0.063760 0.350169 0.000000 
0.061243 0.351126 0.000000 
0.058722 0.352064 0.000000 
0.056198 0.352983 0.000000 
0.053671 0.353884 0.000000 
0.051141 0.354766 0.000000 
0.048608 0.355630 0.000000 
0.046073 0.356475 0.000000 
0.043536 0.357302 0.000000 
0.040996 0.358110 0.000000 
0.038455 0.358900 0.000000 
0.035911 0.359671 0.000000 
0.033365 0.360424 0.000000 
0.030818 0.361159 0.000000 
0.028269 0.361875 0.000000 
0.025719 0.362573 0.000000 
0.023167 0.363253 0.000000 
0.020615 0.363915 0.000000 
0.018061 0.364559 0.000000 
0.015506 0.365184 0.000000 
0.012951 0.365792 0.000000 
0.010395 0.366381 0.000000 
0.007839 0.366953 0.000000 
0.005282 0.367507 0.000000 
0.002724 0.368043 0.000000 
0.000167 0.368561 0.000000 
-0.002390 0.369061 0.000000 
-0.004947 0.369544 0.000000 
-0.007504 0.370009 0.000000 
-0.010061 0.370457 0.000000 
-0.012617 0.370886 0.000000 
-0.015172 0.371299 0.000000 
-0.017727 0.371694 0.000000 
-0.020281 0.372071 0.000000 
-0.022834 0.372432 0.000000 
-0.025386 0.372775 0.000000 
-0.027937 0.373100 0.000000 
-0.030487 0.373409 0.000000 
-0.033035 0.373700 0.000000 
-0.035581 0.373975 0.000000 
-0.038126 0.374232 0.000000 
-0.040670 0.374472 0.000000 
-0.043211 0.374696 0.000000 
-0.045751 0.374903 0.000000 
-0.048288 0.375093 0.000000 
-0.050823 0.375266 0.000000 
-0.053356 0.375422 0.000000 
-0.055887 0.375562 0.000000 
-0.058415 0.375686 0.000000 
-0.060941 0.375793 0.000000 
-0.063464 0.375883 0.000000 
-0.065984 0.375957 0.000000 
-0.068501 0.376015 0.000000 
-0.071016 0.376057 0.000000 
-0.073527 0.376082 0.000000 
-0.076035 0.376092 0.000000 
-0.078540 0.376085 0.000000 
-0.081042 0.376062 0.000000 
-0.083540 0.376024 0.000000 
-0.086035 0.375969 0.000000 
-0.088526 0.375899 0.000000 
-0.091013 0.375813 0.000000 
-0.093497 0.375711 0.000000 
-0.095976 0.375594 0.000000 
-0.098452 0.375461 0.000000 
-0.100924 0.375313 0.000000 
-0.103391 0.375149 0.000000 
-0.105855 0.374970 0.000000 
-0.108314 0.374776 0.000000 
-0.110768 0.374566 0.000000 
-0.113218 0.374342 0.000000 
-0.115664 0.374102 0.000000 
-0.118105 0.373847 0.000000 
-0.120541 0.373577 0.000000 
-0.122972 0.373293 0.000000 
-0.125398 0.372993 0.000000 
-0.127820 0.372679 0.000000 
-0.130236 0.372350 0.000000 
-0.132648 0.372007 0.000000 
-0.135054 0.371649 0.000000 
-0.137455 0.371276 0.000000 
-0.139850 0.370889 0.000000 
-0.142241 0.370488 0.000000 
-0.144625 0.370072 0.000000 
-0.147004 0.369642 0.000000 
-0.149378 0.369198 0.000000 
-0.151745 0.368740 0.000000 
-0.154107 0.368268 0.000000 
-0.156464 0.367782 0.000000 
-0.158814 0.367282 0.000000 
-0.161158 0.366768 0.000000 
-0.163496 0.366241 0.000000 
-0.165829 0.365699 0.000000 
-0.168154 0.365144 0.000000 
-0.170474 0.364576 0.000000 
-0.172788 0.363994 0.000000 
-0.175095 0.363399 0.000000 
-0.177395 0.362790 0.000000 
-0.179689 0.362168 0.000000 
-0.181977 0.361533 0.000000 
-0.184258 0.360885 0.000000 
-0.186532 0.360224 0.000000 
-0.188800 0.359549 0.000000 
-0.191060 0.358862 0.000000 
-0.193314 0.358162 0.000000 
-0.195561 0.357449 0.000000 
-0.197801 0.356723 0.000000 
-0.200034 0.355985 0.000000 
-0.202260 0.355234 0.000000 
-0.204479 0.354470 0.000000 
-0.206690 0.353694 0.000000 
-0.208895 0.352906 0.000000 
-0.211092 0.352105 0.000000 
-0.213281 0.351292 0.000000 
-0.215464 0.350467 0.000000 
-0.217638 0.349630 0.000000 
-0.219806 0.348781 0.000000 
-0.221965 0.347919 0.000000 
-0.224118 0.347046 0.000000 
-0.226262 0.346161 0.000000 
-0.228399 0.345264 0.000000 
-0.230528 0.344355 0.000000 
-0.232649 0.343435 0.000000 
-0.234762 0.342503 0.000000 
-0.236868 0.341559 0.000000 
-0.238965 0.340604 0.000000 
-0.241055 0.339638 0.000000 
-0.243136 0.338660 0.000000 
-0.245209 0.337671 0.000000 
-0.247274 0.336671 0.000000 
-0.249331 0.335660 0.000000 
-0.251380 0.334637 0.000000 
-0.253421 0.333604 0.000000 
-0.255453 0.332560 0.000000 
-0.257477 0.331504 0.000000 
-0.259492 0.330438 0.000000 
-0.261499 0.329362 0.000000 
-0.263498 0.328274 0.000000 
-0.265488 0.327176 0.000000 
-0.267469 0.326068 0.000000 
-0.269442 0.324949 0.000000 
-0.271407 0.323819 0.000000 
-0.273362 0.322680 0.000000 
-0.275309 0.321529 0.000000 
-0.277247 0.320369 0.000000 
-0.279177 0.319199 0.000000 
-0.281097 0.318018 0.000000 
-0.283009 0.316828 0.000000 
-0.284912 0.315627 0.000000 
-0.286805 0.314417 0.000000 
-0.288690 0.313196 0.000000 
-0.290566 0.311966 0.000000 
-0.292433 0.310727 0.000000 
-0.294291 0.309477 0.000000 
-0.296139 0.308218 0.000000 
-0.297979 0.306950 0.000000 
-0.299809 0.305672 0.000000 
-0.301630 0.304385 0.000000 
-0.303442 0.303088 0.000000 
-0.305245 0.301782 0.000000 
-0.307038 0.300467 0.000000 
-0.308822 0.299143 0.000000 
-0.310596 0.297810 0.000000 
-0.312362 0.296467 0.000000 
-0.314117 0.295116 0.000000 
-0.315864 0.293756 0.000000 
-0.317600 0.292387 0.000000 
-0.319328 0.291009 0.000000 
-0.321045 0.289623 0.000000 
-0.322754 0.288228 0.000000 
-0.324452 0.286824 0.000000 
-0.326141 0.285412 0.000000 
-0.327820 0.283991 0.000000 
-0.329490 0.282562 0.000000 
-0.331150 0.281125 0.000000 
-0.332800 0.279679 0.000000 
-0.334441 0.278226 0.000000 
-0.336071 0.276764 0.000000 
-0.337692 0.275294 0.000000 
-0.339303 0.273816 0.000000 
-0.340904 0.272330 0.000000 
-0.342495 0.270836 0.000000 
-0.344076 0.269334 0.000000 
-0.345648 0.267824 0.000000 
-0.347209 0.266307 0.000000 
-0.348760 0.264782 0.000000 
-0.350302 0.263250 0.000000 
-0.351833 0.261710 0.000000 
-0.353354 0.260162 0.000000 
-0.354865 0.258607 0.000000 
-0.356367 0.257045 0.000000 
-0.357857 0.255475 0.000000 
-0.359338 0.253898 0.000000 
-0.360809 0.252314 0.000000 
-0.362269 0.250723 0.000000 
-0.363720 0.249125 0.000000 
-0.365159 0.247519 0.000000 
-0.366589 0.245907 0.000000 
-0.368009 0.244288 0.000000 
-0.369418 0.242662 0.000000 
-0.370817 0.241029 0.000000 
-0.372205 0.239390 0.000000 
-0.373583 0.237744 0.000000 
-0.374951 0.236091 0.000000 
-0.376309 0.234432 0.000000 
-0.377656 0.232766 0.000000 
-0.378992 0.231094 0.000000 
-0.380318 0.229416 0.000000 
-0.381634 0.227731 0.000000 
-0.382939 0.226040 0.000000 
-0.384234 0.224342 0.000000 
-0.385518 0.222639 0.000000 
-0.386792 0.220929 0.000000 
-0.388055 0.219214 0.000000 
-0.389307 0.217492 0.000000 
-0.390549 0.215765 0.000000 
-0.391781 0.214032 0.000000 
-0.393001 0.212293 0.000000 
-0.394211 0.210548 0.000000 
-0.395411 0.208797 0.000000 
-0.396600 0.207041 0.000000 
-0.397778 0.205280 0.000000 
-0.398945 0.203512 0.000000 
-0.400102 0.201740 0.000000 
-0.401248 0.199962 0.000000 
-0.402383 0.198178 0.000000 
-0.403508 0.196389 0.000000 
-0.404621 0.194596 0.000000 
-0.405724 0.192796 0.000000 
-0.406816 0.190992 0.000000 
-0.407898 0.189183 0.000000 
-0.408968 0.187368 0.000000 
-0.410028 0.185549 0.000000 
-0.411077 0.183725 0.000000 
-0.412115 0.181896 0.000000 
-0.413142 0.180062 0.000000 
-0.414159 0.178223 0.000000 
-0.415164 0.176380 0.000000 
-0.416158 0.174532 0.000000 
-0.417142 0.172680 0.000000 
-0.418115 0.170822 0.000000 
-0.419076 0.168961 0.000000 
-0.420027 0.167095 0.000000 
-0.420967 0.165225 0.000000 
-0.421896 0.163350 0.000000 
-0.422814 0.161471 0.000000 
-0.423720 0.159588 0.000000 
-0.424616 0.157701 0.000000 
-0.425501 0.155810 0.000000 
-0.426375 0.153915 0.000000 
-0.427238 0.152015 0.000000 
-0.428089 0.150112 0.000000 
-0.428930 0.148205 0.000000 
-0.429760 0.146294 0.000000 
-0.430578 0.144379 0.000000 
-0.431386 0.142461 0.000000 
-0.432182 0.140539 0.000000 
-0.432967 0.138613 0.000000 
-0.433742 0.136684 0.000000 
-0.434505 0.134751 0.000000 
-0.435257 0.132815 0.000000 
-0.435997 0.130875 0.000000 
-0.436727 0.128932 0.000000 
-0.437445 0.126986 0.000000 
-0.438153 0.125037 0.000000 
-0.438849 0.123084 0.000000 
-0.439534 0.121128 0.000000 
-0.440208 0.119170 0.000000 
-0.440870 0.117208 0.000000 
-0.441522 0.115243 0.000000 
-0.442162 0.113275 0.000000 
-0.442791 0.111304 0.000000 
-0.443409 0.109331 0.000000 
-0.444016 0.107355 0.000000 
-0.444611 0.105376 0.000000 
-0.445195 0.103394 0.000000 
-0.445768 0.101410 0.000000 
-0.446330 0.099423 0.000000 
-0.446880 0.097434 0.000000 
-0.447419 0.095442 0.000000 
-0.447947 0.093448 0.000000 
-0.448464 0.091451 0.000000 
-0.448969 0.089452 0.000000 
-0.449463 0.087451 0.000000 
-0.449946 0.085448 0.000000 
-0.450417 0.083443 0.000000 
-0.450877 0.081435 0.000000 
-0.451326 0.079426 0.000000 
-0.451764 0.077414 0.000000 
-0.452190 0.075401 0.000000 
-0.452605 0.073385 0.000000 
-0.453008 0.071368 0.000000 
-0.453401 0.069349 0.000000 
-0.453782 0.067329 0.000000 
-0.454151 0.065306 0.000000 
-0.454510 0.063282 0.000000 
-0.454857 0.061257 0.000000 
-0.455192 0.059229 0.000000 
-0.455517 0.057201 0.000000 
-0.455830 0.055171 0.000000 
-0.456131 0.053139 0.000000 
-0.456421 0.051107 0.000000 
-0.456700 0.049073 0.000000 
-0.456968 0.047038 0.000000 
-0.457224 0.045001 0.000000 
-0.457469 0.042964 0.000000 
-0.457702 0.040925 0.000000 
-0.457924 0.038886 0.000000 
-0.458135 0.036845 0.000000 
-0.458334 0.034804 0.000000 
-0.458522 0.032761 0.000000 
-0.458699 0.030718 0.000000 
-0.458864 0.028674 0.000000 
-0.459018 0.026630 0.000000 
-0.459160 0.024584 0.000000 
-0.459291 0.022539 0.000000 
-0.459411 0.020492 0.000000 
-0.459519 0.018445 0.000000 
-0.459616 0.016398 0.000000 
-0.459701 0.014350 0.000000 
-0.459775 0.012302 0.000000 
-0.459838 0.010253 0.000000 
-0.459889 0.008205 0.000000 
-0.459929 0.006156 0.000000 
-0.459958 0.004107 0.000000 
-0.459975 0.002057 0.000000 
-0.459980 0.000008 0.000000 
-0.459975 -0.002041 0.000000 
-0.459958 -0.004090 0.000000 
-0.459929 -0.006139 0.000000 
-0.459889 -0.008188 0.000000 
-0.459838 -0.010237 0.000000 
-0.459776 -0.012285 0.000000 
-0.459702 -0.014334 0.000000 
-0.459616 -0.016381 0.000000 
-0.459519 -0.018429 0.000000 
-0.459411 -0.020476 0.000000 
-0.459292 -0.022522 0.000000 
-0.459161 -0.024568 0.000000 
-0.459018 -0.026613 0.000000 
-0.458865 -0.028658 0.000000 
-0.458699 -0.030702 0.000000 
-0.458523 -0.032745 0.000000 
-0.458335 -0.034787 0.000000 
-0.458136 -0.036829 0.000000 
-0.457925 -0.038869 0.000000 
-0.457703 -0.040909 0.000000 
-0.457470 -0.042947 0.000000 
-0.457225 -0.044985 0.000000 
-0.456969 -0.047021 0.000000 
-0.456701 -0.049057 0.000000 
-0.456423 -0.051091 0.000000 
-0.456132 -0.053123 0.000000 
-0.455831 -0.055155 0.000000 
-0.455518 -0.057185 0.000000 
-0.455194 -0.059213 0.000000 
-0.454858 -0.061240 0.000000 
-0.454511 -0.063266 0.000000 
-0.454153 -0.065290 0.000000 
-0.453783 -0.067312 0.000000 
-0.453403 -0.069333 0.000000 
-0.453010 -0.071352 0.000000 
-0.452607 -0.073369 0.000000 
-0.452192 -0.075385 0.000000 
-0.451766 -0.077398 0.000000 
-0.451328 -0.079410 0.000000 
-0.450879 -0.081419 0.000000 
-0.450419 -0.083427 0.000000 
-0.449948 -0.085432 0.000000 
-0.449465 -0.087435 0.000000 
-0.448971 -0.089436 0.000000 
-0.448466 -0.091435 0.000000 
-0.447949 -0.093432 0.000000 
-0.447421 -0.095426 0.000000 
-0.446882 -0.097418 0.000000 
-0.446332 -0.099407 0.000000 
-0.445770 -0.101394 0.000000 
-0.445198 -0.103378 0.000000 
-0.444614 -0.105360 0.000000 
-0.444018 -0.107339 0.000000 
-0.443412 -0.109315 0.000000 
-0.442794 -0.111289 0.000000 
-0.442165 -0.113259 0.000000 
-0.441525 -0.115227 0.000000 
-0.440873 -0.117192 0.000000 
-0.440211 -0.119154 0.000000 
-0.439537 -0.121113 0.000000 
-0.438852 -0.123069 0.000000 
-0.438156 -0.125021 0.000000 
-0.437449 -0.126971 0.000000 
-0.436730 -0.128917 0.000000 
-0.436001 -0.130860 0.000000 
-0.435260 -0.132800 0.000000 
-0.434508 -0.134736 0.000000 
-0.433745 -0.136668 0.000000 
-0.432971 -0.138598 0.000000 
-0.432186 -0.140523 0.000000 
-0.431389 -0.142446 0.000000 
-0.430582 -0.144364 0.000000 
-0.429763 -0.146279 0.000000 
-0.428934 -0.148190 0.000000 
-0.428093 -0.150097 0.000000 
-0.427241 -0.152000 0.000000 
-0.426379 -0.153899 0.000000 
-0.425505 -0.155795 0.000000 
-0.424620 -0.157686 0.000000 
-0.423724 -0.159573 0.000000 
-0.422818 -0.161456 0.000000 
-0.421900 -0.163335 0.000000 
-0.420971 -0.165210 0.000000 
-0.420031 -0.167080 0.000000 
-0.419081 -0.168946 0.000000 
-0.418119 -0.170808 0.000000 
-0.417146 -0.172665 0.000000 
-0.416163 -0.174517 0.000000 
-0.415168 -0.176365 0.000000 
-0.414163 -0.178209 0.000000 
-0.413147 -0.180047 0.000000 
-0.412120 -0.181881 0.000000 
-0.411082 -0.183710 0.000000 
-0.410033 -0.185534 0.000000 
-0.408973 -0.187354 0.000000 
-0.407902 -0.189168 0.000000 
-0.406821 -0.190978 0.000000 
-0.405729 -0.192782 0.000000 
-0.404626 -0.194581 0.000000 
-0.403512 -0.196375 0.000000 
-0.402388 -0.198164 0.000000 
-0.401253 -0.199947 0.000000 
-0.400107 -0.201725 0.000000 
-0.398950 -0.203498 0.000000 
-0.397783 -0.205265 0.000000 
-0.396605 -0.207027 0.000000 
-0.395416 -0.208783 0.000000 
-0.394216 -0.210534 0.000000 
-0.393006 -0.212279 0.000000 
-0.391786 -0.214018 0.000000 
-0.390554 -0.215751 0.000000 
-0.389312 -0.217478 0.000000 
-0.388060 -0.219200 0.000000 
-0.386797 -0.220916 0.000000 
-0.385523 -0.222625 0.000000 
-0.384239 -0.224329 0.000000 
-0.382945 -0.226026 0.000000 
-0.381639 -0.227717 0.000000 
-0.380324 -0.229402 0.000000 
-0.378998 -0.231080 0.000000 
-0.377661 -0.232753 0.000000 
-0.376314 -0.234418 0.000000 
-0.374957 -0.236078 0.000000 
-0.373589 -0.237730 0.000000 
-0.372211 -0.239377 0.000000 
-0.370822 -0.241016 0.000000 
-0.369424 -0.242649 0.000000 
-0.368014 -0.244275 0.000000 
-0.366595 -0.245894 0.000000 
-0.365165 -0.247506 0.000000 
-0.363725 -0.249112 0.000000 
-0.362275 -0.250710 0.000000 
-0.360815 -0.252301 0.000000 
-0.359344 -0.253885 0.000000 
-0.357863 -0.255462 0.000000 
-0.356372 -0.257032 0.000000 
-0.354871 -0.258594 0.000000 
-0.353360 -0.260149 0.000000 
-0.351839 -0.261697 0.000000 
-0.350308 -0.263237 0.000000 
-0.348766 -0.264770 0.000000 
-0.347215 -0.266295 0.000000 
-0.345654 -0.267812 0.000000 
-0.344082 -0.269321 0.000000 
-0.342501 -0.270823 0.000000 
-0.340910 -0.272317 0.000000 
-0.339309 -0.273803 0.000000 
-0.337698 -0.275281 0.000000 
-0.336077 -0.276751 0.000000 
-0.334447 -0.278213 0.000000 
-0.332806 -0.279667 0.000000 
-0.331156 -0.281113 0.000000 
-0.329496 -0.282550 0.000000 
-0.327827 -0.283979 0.000000 
-0.326148 -0.285400 0.000000 
-0.324459 -0.286812 0.000000 
-0.322760 -0.288216 0.000000 
-0.321052 -0.289611 0.000000 
-0.319334 -0.290997 0.000000 
-0.317607 -0.292375 0.000000 
-0.315870 -0.293744 0.000000 
-0.314124 -0.295104 0.000000 
-0.312368 -0.296456 0.000000 
-0.310603 -0.297798 0.000000 
-0.308828 -0.299131 0.000000 
-0.307044 -0.300456 0.000000 
-0.305251 -0.301771 0.000000 
-0.303449 -0.303077 0.000000 
-0.301637 -0.304373 0.000000 
-0.299816 -0.305661 0.000000 
-0.297985 -0.306939 0.000000 
-0.296146 -0.308207 0.000000 
-0.294297 -0.309466 0.000000 
-0.292440 -0.310716 0.000000 
-0.290573 -0.311955 0.000000 
-0.288697 -0.313186 0.000000 
-0.286812 -0.314406 0.000000 
-0.284918 -0.315616 0.000000 
-0.283016 -0.316817 0.000000 
-0.281104 -0.318008 0.000000 
-0.279183 -0.319188 0.000000 
-0.277254 -0.320359 0.000000 
-0.275316 -0.321519 0.000000 
-0.273369 -0.322669 0.000000 
-0.271413 -0.323809 0.000000 
-0.269449 -0.324938 0.000000 
-0.267476 -0.326058 0.000000 
-0.265495 -0.327166 0.000000 
-0.263505 -0.328264 0.000000 
-0.261506 -0.329352 0.000000 
-0.259499 -0.330428 0.000000 
-0.257484 -0.331494 0.000000 
-0.255460 -0.332550 0.000000 
-0.253428 -0.333594 0.000000 
-0.251387 -0.334628 0.000000 
-0.249338 -0.335650 0.000000 
-0.247281 -0.336661 0.000000 
-0.245216 -0.337662 0.000000 
-0.243143 -0.338651 0.000000 
-0.241061 -0.339628 0.000000 
-0.238972 -0.340595 0.000000 
-0.236874 -0.341550 0.000000 
-0.234769 -0.342493 0.000000 
-0.232656 -0.343425 0.000000 
-0.230535 -0.344346 0.000000 
-0.228406 -0.345254 0.000000 
-0.226269 -0.346152 0.000000 
-0.224124 -0.347037 0.000000 
-0.221972 -0.347910 0.000000 
-0.219813 -0.348772 0.000000 
-0.217645 -0.349621 0.000000 
-0.215471 -0.350458 0.000000 
-0.213288 -0.351284 0.000000 
-0.211099 -0.352097 0.000000 
-0.208902 -0.352897 0.000000 
-0.206697 -0.353686 0.000000 
-0.204486 -0.354462 0.000000 
-0.202267 -0.355225 0.000000 
-0.200041 -0.355976 0.000000 
-0.197808 -0.356715 0.000000 
-0.195568 -0.357441 0.000000 
-0.193321 -0.358154 0.000000 
-0.191067 -0.358854 0.000000 
-0.188806 -0.359541 0.000000 
-0.186539 -0.360216 0.000000 
-0.184265 -0.360877 0.000000 
-0.181984 -0.361525 0.000000 
-0.179696 -0.362160 0.000000 
-0.177402 -0.362782 0.000000 
-0.175101 -0.363391 0.000000 
-0.172794 -0.363986 0.000000 
-0.170481 -0.364568 0.000000 
-0.168161 -0.365137 0.000000 
-0.165835 -0.365692 0.000000 
-0.163503 -0.366233 0.000000 
-0.161165 -0.366761 0.000000 
-0.158820 -0.367274 0.000000 
-0.156470 -0.367774 0.000000 
-0.154114 -0.368261 0.000000 
-0.151752 -0.368733 0.000000 
-0.149384 -0.369191 0.000000 
-0.147011 -0.369635 0.000000 
-0.144632 -0.370065 0.000000 
-0.142247 -0.370481 0.000000 
-0.139857 -0.370882 0.000000 
-0.137461 -0.371269 0.000000 
-0.135060 -0.371642 0.000000 
-0.132654 -0.372000 0.000000 
-0.130243 -0.372343 0.000000 
-0.127826 -0.372672 0.000000 
-0.125405 -0.372987 0.000000 
-0.122978 -0.373286 0.000000 
-0.120547 -0.373571 0.000000 
-0.118111 -0.373841 0.000000 
-0.115670 -0.374095 0.000000 
-0.113224 -0.374335 0.000000 
-0.110774 -0.374560 0.000000 
-0.108320 -0.374770 0.000000 
-0.105861 -0.374964 0.000000 
-0.103397 -0.375143 0.000000 
-0.100930 -0.375307 0.000000 
-0.098458 -0.375455 0.000000 
-0.095983 -0.375588 0.000000 
-0.093503 -0.375705 0.000000 
-0.091019 -0.375807 0.000000 
-0.088532 -0.375893 0.000000 
-0.086041 -0.375963 0.000000 
-0.083546 -0.376018 0.000000 
-0.081048 -0.376056 0.000000 
-0.078546 -0.376079 0.000000 
-0.076041 -0.376086 0.000000 
-0.073533 -0.376077 0.000000 
-0.071022 -0.376051 0.000000 
-0.068507 -0.376010 0.000000 
-0.065990 -0.375952 0.000000 
-0.063469 -0.375878 0.000000 
-0.060946 -0.375787 0.000000 
-0.058421 -0.375680 0.000000 
-0.055893 -0.375557 0.000000 
-0.053362 -0.375417 0.000000 
-0.050829 -0.375260 0.000000 
-0.048293 -0.375087 0.000000 
-0.045756 -0.374897 0.000000 
-0.043216 -0.374691 0.000000 
-0.040675 -0.374467 0.000000 
-0.038132 -0.374227 0.000000 
-0.035587 -0.373970 0.000000 
-0.033040 -0.373695 0.000000 
-0.030492 -0.373404 0.000000 
-0.027942 -0.373095 0.000000 
-0.025391 -0.372770 0.000000 
-0.022839 -0.372427 0.000000 
-0.020286 -0.372066 0.000000 
-0.017732 -0.371689 0.000000 
-0.015178 -0.371294 0.000000 
-0.012622 -0.370882 0.000000 
-0.010066 -0.370452 0.000000 
-0.007509 -0.370004 0.000000 
-0.004952 -0.369539 0.000000 
-0.002395 -0.369057 0.000000 
0.000162 -0.368556 0.000000 
0.002720 -0.368038 0.000000 
0.005277 -0.367502 0.000000 
0.007834 -0.366949 0.000000 
0.010390 -0.366377 0.000000 
0.012946 -0.365787 0.000000 
0.015502 -0.365180 0.000000 
0.018057 -0.364554 0.000000 
0.020610 -0.363911 0.000000 
0.023163 -0.363249 0.000000 
0.025715 -0.362569 0.000000 
0.028265 -0.361871 0.000000 
0.030814 -0.361155 0.000000 
0.033361 -0.360420 0.000000 
0.035907 -0.359667 0.000000 
0.038450 -0.358896 0.000000 
0.040992 -0.358106 0.000000 
0.043532 -0.357298 0.000000 
0.046069 -0.356471 0.000000 
0.048604 -0.355626 0.000000 
0.051137 -0.354762 0.000000 
0.053667 -0.353880 0.000000 
0.056194 -0.352979 0.000000 
0.058718 -0.352060 0.000000 
0.061239 -0.351122 0.000000 
0.063756 -0.350165 0.000000 
0.066271 -0.349189 0.000000 
0.068781 -0.348195 0.000000 
0.071288 -0.347182 0.000000 
0.073792 -0.346150 0.000000 
0.076291 -0.345099 0.000000 
0.078786 -0.344030 0.000000 
0.081276 -0.342942 0.000000 
0.083762 -0.341834 0.000000 
0.086244 -0.340708 0.000000 
0.088721 -0.339563 0.000000 
0.091192 -0.338399 0.000000 
0.093659 -0.337216 0.000000 
0.096121 -0.336014 0.000000 
0.098577 -0.334793 0.000000 
0.101027 -0.333553 0.000000 
0.103472 -0.332294 0.000000 
0.105910 -0.331016 0.000000 
0.108343 -0.329720 0.000000 
0.110769 -0.328404 0.000000 
0.113189 -0.327069 0.000000 
0.115603 -0.325715 0.000000 
0.118010 -0.324342 0.000000 
0.120409 -0.322950 0.000000 
0.122802 -0.321539 0.000000 
0.125187 -0.320109 0.000000 
0.127565 -0.318660 0.000000 
0.129936 -0.317192 0.000000 
0.132298 -0.315705 0.000000 
0.134653 -0.314199 0.000000 
0.136999 -0.312674 0.000000 
0.139338 -0.311130 0.000000 
0.141667 -0.309567 0.000000 
0.143988 -0.307985 0.000000 
0.146301 -0.306385 0.000000 
0.148604 -0.304765 0.000000 
0.150898 -0.303127 0.000000 
0.153183 -0.301470 0.000000 
0.155458 -0.299794 0.000000 
0.157723 -0.298099 0.000000 
0.159979 -0.296386 0.000000 
0.162224 -0.294654 0.000000 
0.164459 -0.292903 0.000000 
0.166684 -0.291134 0.000000 
0.168898 -0.289346 0.000000 
0.171101 -0.287539 0.000000 
0.173293 -0.285714 0.000000 
0.175474 -0.283870 0.000000 
0.177644 -0.282008 0.000000 
0.179802 -0.280128 0.000000 
0.181948 -0.278230 0.000000 
0.184082 -0.276313 0.000000 
0.186205 -0.274378 0.000000 
0.188314 -0.272424 0.000000 
0.190412 -0.270453 0.000000 
0.192497 -0.268464 0.000000 
0.194568 -0.266457 0.000000 
0.196627 -0.264431 0.000000 
0.198673 -0.262389 0.000000 
0.200705 -0.260328 0.000000 
0.202723 -0.258249 0.000000 
0.204728 -0.256154 0.000000 
0.206719 -0.254040 0.000000 
0.208695 -0.251909 0.000000 
0.210657 -0.249761 0.000000 
0.212605 -0.247595 0.000000 
0.214538 -0.245413 0.000000 
0.216456 -0.243213 0.000000 
0.218358 -0.240996 0.000000 
0.220246 -0.238763 0.000000 
0.222118 -0.236512 0.000000 
0.223974 -0.234245 0.000000 
0.225815 -0.231962 0.000000 
0.227639 -0.229661 0.000000 
0.229447 -0.227345 0.000000 
0.231239 -0.225012 0.000000 
0.233014 -0.222663 0.000000 
0.234773 -0.220298 0.000000 
0.236514 -0.217917 0.000000 
0.238238 -0.215520 0.000000 
0.239945 -0.213108 0.000000 
0.241635 -0.210680 0.000000 
0.243306 -0.208237 0.000000 
0.244960 -0.205778 0.000000 
0.246596 -0.203304 0.000000 
0.248214 -0.200816 0.000000 
0.249813 -0.198312 0.000000 
0.251394 -0.195794 0.000000 
0.252956 -0.193261 0.000000 
0.254499 -0.190713 0.000000 
0.256023 -0.188152 0.000000 
0.257528 -0.185576 0.000000 
0.259013 -0.182986 0.000000 
0.260479 -0.180382 0.000000 
0.261925 -0.177765 0.000000 
0.263351 -0.175134 0.000000 
0.264758 -0.172490 0.000000 
0.266143 -0.169833 0.000000 
0.267509 -0.167162 0.000000 
0.268854 -0.164479 0.000000 
0.270178 -0.161783 0.000000 
0.271482 -0.159075 0.000000 
0.272764 -0.156354 0.000000 
0.274025 -0.153621 0.000000 
0.275265 -0.150877 0.000000 
0.276483 -0.148120 0.000000 
0.277680 -0.145352 0.000000 
0.278855 -0.142573 0.000000 
0.280009 -0.139782 0.000000 
0.281140 -0.136980 0.000000 
0.282249 -0.134168 0.000000 
0.283336 -0.131345 0.000000 
0.284400 -0.128511 0.000000 
0.285442 -0.125668 0.000000 
0.286461 -0.122814 0.000000 
0.287457 -0.119951 0.000000 
0.288431 -0.117078 0.000000 
0.289381 -0.114196 0.000000 
0.290308 -0.111304 0.000000 
0.291212 -0.108404 0.000000 
0.292093 -0.105495 0.000000 
0.292950 -0.102577 0.000000 
0.293783 -0.099651 0.000000 
0.294593 -0.096718 0.000000 
0.295378 -0.093776 0.000000 
0.296140 -0.090827 0.000000 
0.296878 -0.087870 0.000000 
0.297592 -0.084906 0.000000 
0.298281 -0.081935 0.000000 
0.298947 -0.078958 0.000000 
0.299588 -0.075974 0.000000 
0.300204 -0.072984 0.000000 
0.300796 -0.069988 0.000000 
0.301363 -0.066986 0.000000 
0.301906 -0.063979 0.000000 
0.302424 -0.060967 0.000000 
0.302917 -0.057949 0.000000 
0.303385 -0.054927 0.000000 
0.303828 -0.051900 0.000000 
0.304246 -0.048869 0.000000 
0.304639 -0.045834 0.000000 
0.305007 -0.042796 0.000000 
0.305350 -0.039753 0.000000 
0.305667 -0.036708 0.000000 
0.305960 -0.033659 0.000000 
0.306227 -0.030608 0.000000 
0.306468 -0.027554 0.000000 
0.306685 -0.024497 0.000000 
0.306876 -0.021439 0.000000 
0.307041 -0.018379 0.000000 
0.307181 -0.015317 0.000000 
0.307296 -0.012255 0.000000 
0.307385 -0.009191 0.000000 
0.307449 -0.006126 0.000000 
0.307487 -0.003061 0.000000 
0.307500 0.000004 0.000000 
0.307487 0.003070 0.000000 
0.307449 0.006135 0.000000 
0.307385 0.009200 0.000000 
0.307296 0.012263 0.000000 
0.307181 0.015326 0.000000 
0.307041 0.018388 0.000000 
0.306876 0.021448 0.000000 
0.306685 0.024506 0.000000 
0.306468 0.027562 0.000000 
0.306227 0.030616 0.000000 
0.305960 0.033668 0.000000 
0.305667 0.036716 0.000000 
0.305350 0.039762 0.000000 
0.305007 0.042804 0.000000 
0.304639 0.045843 0.000000 
0.304246 0.048878 0.000000 
0.303828 0.051909 0.000000 
0.303385 0.054936 0.000000 
0.302917 0.057958 0.000000 
0.302424 0.060976 0.000000 
0.301906 0.063988 0.000000 
0.301363 0.066995 0.000000 
0.300796 0.069997 0.000000 
0.300204 0.072993 0.000000 
0.299588 0.075983 0.000000 
0.298947 0.078967 0.000000 
0.298282 0.081944 0.000000 
0.297592 0.084915 0.000000 
0.296878 0.087878 0.000000 
0.296140 0.090835 0.000000 
0.295379 0.093784 0.000000 
0.294593 0.096726 0.000000 
0.293783 0.099660 0.000000 
0.292950 0.102586 0.000000 
0.292093 0.105503 0.000000 
0.291212 0.108412 0.000000 
0.290309 0.111313 0.000000 
