-6400 0
-6396 0
-6392 0
-6388 0
-6384 0
-6380 0
-6376 0
-6372 0
-6368 0
-6364 0
-6360 0
-6356 0
-6352 0
-6348 0
-6344 0
-6340 0
-6336 0
-6332 0
-6328 0
-6324 0
-6320 0
-6316 0
-6312 0
-6308 0
-6304 0
-6300 0
-6296 0
-6292 0
-6288 0
-6284 0
-6280 0
-6276 0
-6272 0
-6268 0
-6264 0
-6260 0
-6256 0
-6252 0
-6248 0
-6244 0
-6240 0
-6236 0
-6232 0
-6228 0
-6224 0
-6220 0
-6216 0
-6212 0
-6208 0
-6204 0
-6200 0
-6196 0
-6192 0
-6188 0
-6184 0
-6180 0
-6176 0
-6172 0
-6168 0
-6164 0
-6160 0
-6156 0
-6152 0
-6148 0
-6144 0
-6140 0
-6136 0
-6132 0
-6128 0
-6124 0
-6120 0
-6116 0
-6112 0
-6108 0
-6104 0
-6100 0
-6096 0
-6092 0
-6088 0
-6084 0
-6080 0
-6076 0
-6072 0
-6068 0
-6064 0
-6060 0
-6056 0
-6052 0
-6048 0
-6044 0
-6040 0
-6036 0
-6032 0
-6028 0
-6024 0
-6020 0
-6016 0
-6012 0
-6008 0
-6004 0
-6000 0
-5996 0
-5992 0
-5988 0
-5984 0
-5980 0
-5976 0
-5972 0
-5968 0
-5964 0
-5960 0
-5956 0
-5952 0
-5948 0
-5944 0
-5940 0
-5936 0
-5932 0
-5928 0
-5924 0
-5920 0
-5916 0
-5912 0
-5908 0
-5904 0
-5900 0
-5896 0
-5892 0
-5888 0
-5884 0
-5880 0
-5876 0
-5872 0
-5868 0
-5864 0
-5860 0
-5856 0
-5852 0
-5848 0
-5844 0
-5840 0
-5836 0
-5832 0
-5828 0
-5824 0
-5820 0
-5816 0
-5812 0
-5808 0
-5804 0
-5800 0
-5796 0
-5792 0
-5788 0
-5784 0
-5780 0
-5776 0
-5772 0
-5768 0
-5764 0
-5760 0
-5756 0
-5752 0
-5748 0
-5744 0
-5740 0
-5736 0
-5732 0
-5728 0
-5724 0
-5720 0
-5716 0
-5712 0
-5708 0
-5704 0
-5700 0
-5696 0
-5692 0
-5688 0
-5684 0
-5680 0
-5676 0
-5672 0
-5668 0
-5664 0
-5660 0
-5656 0
-5652 0
-5648 0
-5644 0
-5640 0
-5636 0
-5632 0
-5628 0
-5624 0
-5620 0
-5616 0
-5612 0
-5608 0
-5604 0
-5600 0
-5596 0
-5592 0
-5588 0
-5584 0
-5580 0
-5576 0
-5572 0
-5568 0
-5564 0
-5560 0
-5556 0
-5552 0
-5548 0
-5544 0
-5540 0
-5536 0
-5532 0
-5528 0
-5524 0
-5520 0
-5516 0
-5512 0
-5508 0
-5504 0
-5500 0
-5496 0
-5492 0
-5488 0
-5484 0
-5480 0
-5476 0
-5472 0
-5468 0
-5464 0
-5460 0
-5456 0
-5452 0
-5448 0
-5444 0
-5440 0
-5436 0
-5432 0
-5428 0
-5424 0
-5420 0
-5416 0
-5412 0
-5408 0
-5404 0
-5400 0
-5396 0
-5392 0
-5388 0
-5384 0
-5380 0
-5376 0
-5372 0
-5368 0
-5364 0
-5360 0
-5356 0
-5352 0
-5348 0
-5344 0
-5340 0
-5336 0
-5332 0
-5328 0
-5324 0
-5320 0
-5316 0
-5312 0
-5308 0
-5304 0
-5300 0
-5296 0
-5292 0
-5288 0
-5284 0
-5280 0
-5276 0
-5272 0
-5268 0
-5264 0
-5260 0
-5256 0
-5252 0
-5248 0
-5244 0
-5240 0
-5236 0
-5232 0
-5228 0
-5224 0
-5220 0
-5216 0
-5212 0
-5208 0
-5204 0
-5200 0
-5196 0
-5192 0
-5188 0
-5184 0
-5180 0
-5176 0
-5172 0
-5168 0
-5164 0
-5160 0
-5156 0
-5152 0
-5148 0
-5144 0
-5140 0
-5136 0
-5132 0
-5128 0
-5124 0
-5120 0
-5116 0
-5112 0
-5108 0
-5104 0
-5100 0
-5096 0
-5092 0
-5088 0
-5084 0
-5080 0
-5076 0
-5072 0
-5068 0
-5064 0
-5060 0
-5056 0
-5052 0
-5048 0
-5044 0
-5040 0
-5036 0
-5032 0
-5028 0
-5024 0
-5020 0
-5016 0
-5012 0
-5008 0
-5004 0
-5000 0
-4996 0
-4992 0
-4988 0
-4984 0
-4980 0
-4976 0
-4972 0
-4968 0
-4964 0
-4960 0
-4956 0
-4952 0
-4948 0
-4944 0
-4940 0
-4936 0
-4932 0
-4928 0
-4924 0
-4920 0
-4916 0
-4912 0
-4908 0
-4904 0
-4900 0
-4896 0
-4892 0
-4888 0
-4884 0
-4880 0
-4876 0
-4872 0
-4868 0
-4864 0
-4860 0
-4856 0
-4852 0
-4848 0
-4844 0
-4840 0
-4836 0
-4832 0
-4828 0
-4824 0
-4820 0
-4816 0
-4812 0
-4808 0
-4804 0
-4800 0
-4796 0
-4792 0
-4788 0
-4784 0
-4780 0
-4776 0
-4772 0
-4768 0
-4764 0
-4760 0
-4756 0
-4752 0
-4748 0
-4744 0
-4740 0
-4736 0
-4732 0
-4728 0
-4724 0
-4720 0
-4716 0
-4712 0
-4708 0
-4704 0
-4700 0
-4696 0
-4692 0
-4688 0
-4684 0
-4680 0
-4676 0
-4672 0
-4668 0
-4664 0
-4660 0
-4656 0
-4652 0
-4648 0
-4644 0
-4640 0
-4636 0
-4632 0
-4628 0
-4624 0
-4620 0
-4616 0
-4612 0
-4608 0
-4604 0
-4600 0
-4596 0
-4592 0
-4588 0
-4584 0
-4580 0
-4576 0
-4572 0
-4568 0
-4564 0
-4560 0
-4556 0
-4552 0
-4548 0
-4544 0
-4540 0
-4536 0
-4532 0
-4528 0
-4524 0
-4520 0
-4516 0
-4512 0
-4508 0
-4504 0
-4500 0
-4496 0
-4492 0
-4488 0
-4484 0
-4480 0
-4476 0
-4472 0
-4468 0
-4464 0
-4460 0
-4456 0
-4452 0
-4448 0
-4444 0
-4440 0
-4436 0
-4432 0
-4428 0
-4424 0
-4420 0
-4416 0
-4412 0
-4408 0
-4404 0
-4400 0
-4396 0
-4392 0
-4388 0
-4384 0
-4380 0
-4376 0
-4372 0
-4368 0
-4364 0
-4360 0
-4356 0
-4352 0
-4348 0
-4344 0
-4340 0
-4336 0
-4332 0
-4328 0
-4324 0
-4320 0
-4316 0
-4312 0
-4308 0
-4304 0
-4300 0
-4296 0
-4292 0
-4288 0
-4284 0
-4280 0
-4276 0
-4272 0
-4268 0
-4264 0
-4260 0
-4256 0
-4252 0
-4248 0
-4244 0
-4240 0
-4236 0
-4232 0
-4228 0
-4224 0
-4220 0
-4216 0
-4212 0
-4208 0
-4204 0
-4200 0
-4196 0
-4192 0
-4188 0
-4184 0
-4180 0
-4176 0
-4172 0
-4168 0
-4164 0
-4160 0
-4156 0
-4152 0
-4148 0
-4144 0
-4140 0
-4136 0
-4132 0
-4128 0
-4124 0
-4120 0
-4116 0
-4112 0
-4108 0
-4104 0
-4100 0
-4096 0
-4092 0
-4088 0
-4084 0
-4080 0
-4076 0
-4072 0
-4068 0
-4064 0
-4060 0
-4056 0
-4052 0
-4048 0
-4044 0
-4040 0
-4036 0
-4032 0
-4028 0
-4024 0
-4020 0
-4016 0
-4012 0
-4008 0
-4004 0
-4000 0
-3996 0
-3992 0
-3988 0
-3984 0
-3980 0
-3976 0
-3972 0
-3968 0
-3964 0
-3960 0
-3956 0
-3952 0
-3948 0
-3944 0
-3940 0
-3936 0
-3932 0
-3928 0
-3924 0
-3920 0
-3916 0
-3912 0
-3908 0
-3904 0
-3900 0
-3896 0
-3892 0
-3888 0
-3884 0
-3880 0
-3876 0
-3872 0
-3868 0
-3864 0
-3860 0
-3856 0
-3852 0
-3848 0
-3844 0
-3840 0
-3836 0
-3832 0
-3828 0
-3824 0
-3820 0
-3816 0
-3812 0
-3808 0
-3804 0
-3800 0
-3796 0
-3792 0
-3788 0
-3784 0
-3780 0
-3776 0
-3772 0
-3768 0
-3764 0
-3760 0
-3756 0
-3752 0
-3748 0
-3744 0
-3740 0
-3736 0
-3732 0
-3728 0
-3724 0
-3720 0
-3716 0
-3712 0
-3708 0
-3704 0
-3700 0
-3696 0
-3692 0
-3688 0
-3684 0
-3680 0
-3676 0
-3672 0
-3668 0
-3664 0
-3660 0
-3656 0
-3652 0
-3648 0
-3644 0
-3640 0
-3636 0
-3632 0
-3628 0
-3624 0
-3620 0
-3616 0
-3612 0
-3608 0
-3604 0
-3600 0
-3596 0
-3592 0
-3588 0
-3584 0
-3580 0
-3576 0
-3572 0
-3568 0
-3564 0
-3560 0
-3556 0
-3552 0
-3548 0
-3544 0
-3540 0
-3536 0
-3532 0
-3528 0
-3524 0
-3520 0
-3516 0
-3512 0
-3508 0
-3504 0
-3500 0
-3496 0
-3492 0
-3488 0
-3484 0
-3480 0
-3476 0
-3472 0
-3468 0
-3464 0
-3460 0
-3456 0
-3452 0
-3448 0
-3444 0
-3440 0
-3436 0
-3432 0
-3428 0
-3424 0
-3420 0
-3416 0
-3412 0
-3408 0
-3404 0
-3400 0
-3396 0
-3392 0
-3388 0
-3384 0
-3380 0
-3376 0
-3372 0
-3368 0
-3364 0
-3360 0
-3356 0
-3352 0
-3348 0
-3344 0
-3340 0
-3336 0
-3332 0
-3328 0
-3324 0
-3320 0
-3316 0
-3312 0
-3308 0
-3304 0
-3300 0
-3296 0
-3292 0
-3288 0
-3284 0
-3280 0
-3276 0
-3272 0
-3268 0
-3264 0
-3260 0
-3256 0
-3252 0
-3248 0
-3244 0
-3240 0
-3236 0
-3232 0
-3228 0
-3224 0
-3220 0
-3216 0
-3212 0
-3208 0
-3204 0
-3200 0
-3196 0
-3192 0
-3188 0
-3184 0
-3180 0
-3176 0
-3172 0
-3168 0
-3164 0
-3160 0
-3156 0
-3152 0
-3148 0
-3144 0
-3140 0
-3136 0
-3132 0
-3128 0
-3124 0
-3120 0
-3116 0
-3112 0
-3108 0
-3104 0
-3100 0
-3096 0
-3092 0
-3088 0
-3084 0
-3080 0
-3076 0
-3072 0
-3068 0
-3064 0
-3060 0
-3056 0
-3052 0
-3048 0
-3044 0
-3040 0
-3036 0
-3032 0
-3028 0
-3024 0
-3020 0
-3016 0
-3012 1
-3008 6
-3004 6
-3000 10
-2996 23
-2992 27
-2988 25
-2984 16
-2980 22
-2976 18
-2972 4
-2968 7
-2964 5
-2960 2
-2956 2
-2952 1
-2948 2
-2944 13
-2940 22
-2936 17
-2932 20
-2928 20
-2924 9
-2920 16
-2916 15
-2912 10
-2908 8
-2904 4
-2900 4
-2896 1
-2892 4
-2888 5
-2884 11
-2880 31
-2876 22
-2872 27
-2868 30
-2864 36
-2860 29
-2856 37
-2852 39
-2848 41
-2844 55
-2840 42
-2836 26
-2832 15
-2828 15
-2824 27
-2820 35
-2816 33
-2812 64
-2808 52
-2804 82
-2800 82
-2796 76
-2792 109
-2788 97
-2784 80
-2780 114
-2776 139
-2772 161
-2768 177
-2764 194
-2760 231
-2756 255
-2752 260
-2748 284
-2744 306
-2740 310
-2736 316
-2732 396
-2728 380
-2724 343
-2720 364
-2716 397
-2712 424
-2708 508
-2704 472
-2700 493
-2696 478
-2692 432
-2688 487
-2684 583
-2680 643
-2676 708
-2672 800
-2668 786
-2664 776
-2660 863
-2656 892
-2652 852
-2648 912
-2644 1009
-2640 1034
-2636 1082
-2632 1162
-2628 1196
-2624 1132
-2620 1155
-2616 1300
-2612 1351
-2608 1249
-2604 1239
-2600 1389
-2596 1428
-2592 1555
-2588 1643
-2584 1633
-2580 1725
-2576 1781
-2572 1768
-2568 1775
-2564 1842
-2560 1906
-2556 1957
-2552 2079
-2548 2163
-2544 2334
-2540 2384
-2536 2378
-2532 2512
-2528 2469
-2524 2390
-2520 2362
-2516 2377
-2512 2490
-2508 2622
-2504 2741
-2500 2918
-2496 2741
-2492 2713
-2488 2723
-2484 2820
-2480 2769
-2476 2882
-2472 2901
-2468 3017
-2464 3030
-2460 2896
-2456 3159
-2452 3206
-2448 3150
-2444 3036
-2440 3125
-2436 3177
-2432 3141
-2428 3098
-2424 3074
-2420 3335
-2416 3390
-2412 3384
-2408 3383
-2404 2986
-2400 3098
-2396 2904
-2392 2787
-2388 2811
-2384 2799
-2380 2980
-2376 2897
-2372 2971
-2368 3027
-2364 3143
-2360 3007
-2356 3020
-2352 3012
-2348 3209
-2344 3303
-2340 3361
-2336 3415
-2332 3535
-2328 3739
-2324 3851
-2320 3723
-2316 3779
-2312 3569
-2308 3495
-2304 3531
-2300 3363
-2296 3409
-2292 3371
-2288 3590
-2284 3608
-2280 3730
-2276 3793
-2272 3665
-2268 3574
-2264 3636
-2260 3554
-2256 3603
-2252 3673
-2248 3553
-2244 3686
-2240 3621
-2236 3932
-2232 3810
-2228 3789
-2224 3905
-2220 3712
-2216 3857
-2212 3837
-2208 3751
-2204 3776
-2200 3737
-2196 3843
-2192 3607
-2188 3591
-2184 3830
-2180 3629
-2176 3750
-2172 3530
-2168 3410
-2164 3346
-2160 3288
-2156 3272
-2152 3237
-2148 3195
-2144 3315
-2140 3190
-2136 3213
-2132 2932
-2128 2909
-2124 3066
-2120 3034
-2116 2918
-2112 2660
-2108 2714
-2104 2938
-2100 3035
-2096 2939
-2092 2837
-2088 2539
-2084 2619
-2080 2797
-2076 2781
-2072 2744
-2068 2634
-2064 2403
-2060 2383
-2056 2302
-2052 2003
-2048 1960
-2044 1913
-2040 2024
-2036 1981
-2032 2072
-2028 2031
-2024 2093
-2020 1986
-2016 1971
-2012 2087
-2008 2020
-2004 1851
-2000 1880
-1996 1816
-1992 1809
-1988 1864
-1984 1939
-1980 1883
-1976 1875
-1972 1837
-1968 1977
-1964 1934
-1960 1898
-1956 1755
-1952 1769
-1948 1717
-1944 1630
-1940 1544
-1936 1535
-1932 1463
-1928 1352
-1924 1372
-1920 1546
-1916 1718
-1912 1643
-1908 1619
-1904 1667
-1900 1601
-1896 1460
-1892 1489
-1888 1458
-1884 1399
-1880 1394
-1876 1264
-1872 1198
-1868 1228
-1864 1183
-1860 1189
-1856 1228
-1852 1180
-1848 1123
-1844 1042
-1840 986
-1836 932
-1832 968
-1828 939
-1824 908
-1820 833
-1816 942
-1812 862
-1808 929
-1804 949
-1800 1038
-1796 944
-1792 943
-1788 863
-1784 837
-1780 729
-1776 798
-1772 707
-1768 745
-1764 738
-1760 725
-1756 665
-1752 594
-1748 551
-1744 484
-1740 450
-1736 501
-1732 472
-1728 427
-1724 548
-1720 475
-1716 548
-1712 505
-1708 423
-1704 520
-1700 562
-1696 531
-1692 493
-1688 458
-1684 401
-1680 365
-1676 381
-1672 390
-1668 462
-1664 438
-1660 385
-1656 282
-1652 315
-1648 260
-1644 226
-1640 224
-1636 175
-1632 174
-1628 200
-1624 164
-1620 158
-1616 137
-1612 76
-1608 110
-1604 63
-1600 51
-1596 57
-1592 32
-1588 41
-1584 24
-1580 24
-1576 16
-1572 28
-1568 22
-1564 25
-1560 21
-1556 11
-1552 10
-1548 22
-1544 18
-1540 20
-1536 12
-1532 5
-1528 7
-1524 8
-1520 14
-1516 21
-1512 5
-1508 12
-1504 22
-1500 24
-1496 12
-1492 24
-1488 18
-1484 29
-1480 28
-1476 25
-1472 47
-1468 39
-1464 36
-1460 23
-1456 39
-1452 9
-1448 5
-1444 14
-1440 2
-1436 2
-1432 3
-1428 5
-1424 2
-1420 1
-1416 5
-1412 1
-1408 0
-1404 8
-1400 7
-1396 7
-1392 2
-1388 0
-1384 1
-1380 4
-1376 7
-1372 13
-1368 11
-1364 9
-1360 4
-1356 2
-1352 3
-1348 5
-1344 7
-1340 8
-1336 11
-1332 13
-1328 14
-1324 23
-1320 24
-1316 25
-1312 45
-1308 17
-1304 14
-1300 24
-1296 18
-1292 24
-1288 33
-1284 21
-1280 25
-1276 25
-1272 15
-1268 27
-1264 28
-1260 24
-1256 6
-1252 10
-1248 27
-1244 30
-1240 23
-1236 23
-1232 16
-1228 16
-1224 18
-1220 7
-1216 6
-1212 11
-1208 22
-1204 11
-1200 9
-1196 13
-1192 12
-1188 6
-1184 4
-1180 0
-1176 3
-1172 2
-1168 9
-1164 23
-1160 27
-1156 21
-1152 23
-1148 35
-1144 44
-1140 74
-1136 54
-1132 48
-1128 31
-1124 54
-1120 58
-1116 60
-1112 52
-1108 61
-1104 45
-1100 30
-1096 52
-1092 27
-1088 50
-1084 37
-1080 59
-1076 56
-1072 59
-1068 26
-1064 38
-1060 34
-1056 12
-1052 21
-1048 23
-1044 21
-1040 23
-1036 45
-1032 14
-1028 9
-1024 18
-1020 19
-1016 20
-1012 11
-1008 17
-1004 19
-1000 10
-996 9
-992 16
-988 24
-984 6
-980 15
-976 20
-972 17
-968 20
-964 23
-960 31
-956 29
-952 23
-948 17
-944 12
-940 2
-936 3
-932 2
-928 1
-924 2
-920 1
-916 1
-912 6
-908 7
-904 11
-900 18
-896 11
-892 19
-888 23
-884 17
-880 26
-876 24
-872 43
-868 32
-864 32
-860 49
-856 47
-852 19
-848 7
-844 2
-840 0
-836 5
-832 7
-828 7
-824 1
-820 4
-816 0
-812 3
-808 3
-804 4
-800 4
-796 4
-792 1
-788 14
-784 1
-780 3
-776 4
-772 17
-768 27
-764 20
-760 17
-756 6
-752 8
-748 7
-744 1
-740 3
-736 12
-732 12
-728 6
-724 9
-720 1
-716 3
-712 1
-708 0
-704 8
-700 3
-696 1
-692 0
-688 3
-684 8
-680 3
-676 2
-672 6
-668 7
-664 5
-660 10
-656 16
-652 19
-648 13
-644 7
-640 10
-636 5
-632 5
-628 1
-624 10
-620 5
-616 6
-612 4
-608 12
-604 26
-600 54
-596 52
-592 34
-588 62
-584 67
-580 45
-576 41
-572 42
-568 24
-564 19
-560 14
-556 6
-552 21
-548 15
-544 16
-540 13
-536 18
-532 16
-528 21
-524 31
-520 38
-516 56
-512 72
-508 52
-504 30
-500 16
-496 20
-492 17
-488 18
-484 28
-480 25
-476 15
-472 23
-468 13
-464 29
-460 28
-456 19
-452 30
-448 24
-444 34
-440 22
-436 15
-432 17
-428 5
-424 8
-420 4
-416 17
-412 14
-408 17
-404 14
-400 15
-396 25
-392 9
-388 25
-384 24
-380 15
-376 29
-372 33
-368 53
-364 66
-360 42
-356 29
-352 32
-348 14
-344 36
-340 38
-336 49
-332 32
-328 47
-324 61
-320 44
-316 40
-312 20
-308 25
-304 23
-300 15
-296 9
-292 8
-288 14
-284 20
-280 6
-276 2
-272 2
-268 13
-264 10
-260 1
-256 1
-252 3
-248 5
-244 4
-240 6
-236 6
-232 9
-228 21
-224 15
-220 26
-216 8
-212 12
-208 7
-204 16
-200 35
-196 15
-192 21
-188 21
-184 5
-180 10
-176 11
-172 3
-168 3
-164 6
-160 3
-156 4
-152 4
-148 6
-144 24
-140 42
-136 19
-132 16
-128 11
-124 2
-120 4
-116 2
-112 3
-108 3
-104 2
-100 0
-96 2
-92 3
-88 4
-84 21
-80 5
-76 3
-72 1
-68 9
-64 13
-60 4
-56 6
-52 7
-48 13
-44 16
-40 6
-36 10
-32 5
-28 12
-24 1
-20 3
-16 4
-12 13
-8 18
-4 20
0 15
4 13
8 2
12 2
16 6
20 5
24 3
28 1
32 1
36 2
40 9
44 10
48 9
52 4
56 4
60 9
64 2
68 1
72 2
76 5
80 3
84 3
88 5
92 1
96 2
100 0
104 2
108 1
112 6
116 2
120 14
124 18
128 18
132 12
136 5
140 1
144 2
148 5
152 4
156 5
160 5
164 15
168 6
172 2
176 4
180 4
184 8
188 6
192 4
196 1
200 2
204 7
208 2
212 3
216 9
220 1
224 0
228 7
232 16
236 15
240 11
244 2
248 11
252 12
256 24
260 17
264 12
268 21
272 15
276 10
280 13
284 12
288 5
292 19
296 16
300 8
304 16
308 5
312 2
316 0
320 1
324 0
328 5
332 5
336 2
340 11
344 9
348 7
352 2
356 16
360 8
364 5
368 3
372 0
376 2
380 0
384 13
388 13
392 17
396 22
400 8
404 4
408 6
412 8
416 7
420 2
424 3
428 4
432 2
436 1
440 0
444 9
448 5
452 10
456 10
460 11
464 14
468 26
472 10
476 7
480 15
484 12
488 3
492 1
496 2
500 8
504 13
508 6
512 4
516 14
520 23
524 23
528 19
532 10
536 6
540 3
544 5
548 3
552 2
556 5
560 2
564 1
568 5
572 3
576 7
580 4
584 2
588 1
592 0
596 2
600 0
604 1
608 3
612 1
616 8
620 0
624 13
628 9
632 0
636 2
640 2
644 7
648 10
652 3
656 1
660 0
664 2
668 4
672 7
676 5
680 14
684 12
688 9
692 18
696 13
700 11
704 19
708 8
712 11
716 9
720 28
724 17
728 14
732 18
736 0
740 8
744 3
748 2
752 5
756 11
760 3
764 7
768 5
772 15
776 18
780 11
784 6
788 3
792 12
796 6
800 4
804 2
808 6
812 4
816 2
820 5
824 8
828 3
832 4
836 6
840 6
844 11
848 10
852 10
856 17
860 7
864 10
868 10
872 20
876 29
880 16
884 29
888 9
892 20
896 10
900 18
904 8
908 8
912 15
916 15
920 6
924 5
928 6
932 5
936 13
940 7
944 9
948 10
952 0
956 1
960 1
964 0
968 5
972 4
976 6
980 5
984 4
988 1
992 10
996 7
1000 7
1004 6
1008 5
1012 7
1016 3
1020 3
1024 2
1028 1
1032 5
1036 12
1040 6
1044 7
1048 17
1052 18
1056 9
1060 1
1064 5
1068 7
1072 10
1076 10
1080 24
1084 20
1088 9
1092 20
1096 29
1100 21
1104 25
1108 45
1112 51
1116 37
1120 22
1124 20
1128 9
1132 8
1136 2
1140 1
1144 2
1148 2
1152 4
1156 6
1160 12
1164 9
1168 6
1172 2
1176 5
1180 9
1184 11
1188 13
1192 4
1196 3
1200 0
1204 1
1208 8
1212 3
1216 0
1220 3
1224 8
1228 2
1232 0
1236 3
1240 6
1244 12
1248 5
1252 6
1256 8
1260 21
1264 9
1268 1
1272 2
1276 6
1280 2
1284 3
1288 9
1292 7
1296 12
1300 6
1304 2
1308 4
1312 5
1316 5
1320 7
1324 3
1328 13
1332 19
1336 13
1340 4
1344 8
1348 4
1352 3
1356 3
1360 4
1364 7
1368 9
1372 1
1376 5
1380 9
1384 4
1388 5
1392 18
1396 15
1400 7
1404 2
1408 1
1412 8
1416 13
1420 8
1424 13
1428 13
1432 6
1436 2
1440 11
1444 14
1448 4
1452 7
1456 2
1460 5
1464 2
1468 1
1472 3
1476 1
1480 3
1484 6
1488 1
1492 0
1496 4
1500 2
1504 1
1508 7
1512 4
1516 5
1520 1
1524 2
1528 5
1532 10
1536 8
1540 13
1544 4
1548 3
1552 14
1556 8
1560 3
1564 10
1568 0
1572 1
1576 2
1580 1
1584 7
1588 2
1592 1
1596 1
1600 3
1604 4
1608 7
1612 4
1616 1
1620 2
1624 2
1628 0
1632 2
1636 3
1640 2
1644 5
1648 8
1652 14
1656 6
1660 4
1664 10
1668 10
1672 25
1676 13
1680 16
1684 12
1688 4
1692 12
1696 25
1700 11
1704 12
1708 11
1712 13
1716 10
1720 18
1724 19
1728 3
1732 1
1736 1
1740 1
1744 0
1748 3
1752 0
1756 2
1760 1
1764 1
1768 3
1772 21
1776 14
1780 7
1784 6
1788 2
1792 1
1796 0
1800 5
1804 6
1808 3
1812 5
1816 14
1820 9
1824 16
1828 15
1832 15
1836 10
1840 6
1844 4
1848 6
1852 0
1856 4
1860 2
1864 1
1868 1
1872 2
1876 1
1880 1
1884 0
1888 1
1892 4
1896 0
1900 3
1904 10
1908 4
1912 26
1916 15
1920 11
1924 7
1928 6
1932 4
1936 9
1940 15
1944 8
1948 1
1952 3
1956 2
1960 2
1964 1
1968 0
1972 1
1976 6
1980 14
1984 11
1988 6
1992 11
1996 3
2000 6
2004 2
2008 5
2012 2
2016 0
2020 1
2024 4
2028 7
2032 26
2036 16
2040 11
2044 11
2048 7
2052 17
2056 2
2060 0
2064 1
2068 0
2072 2
2076 1
2080 12
2084 10
2088 6
2092 3
2096 4
2100 2
2104 0
2108 9
2112 12
2116 9
2120 2
2124 1
2128 2
2132 1
2136 4
2140 4
2144 1
2148 1
2152 3
2156 2
2160 2
2164 7
2168 7
2172 4
2176 6
2180 5
2184 4
2188 3
2192 7
2196 1
2200 17
2204 9
2208 7
2212 8
2216 1
2220 6
2224 10
2228 3
2232 11
2236 19
2240 18
2244 12
2248 9
2252 3
2256 9
2260 2
2264 1
2268 6
2272 0
2276 5
2280 6
2284 1
2288 0
2292 9
2296 5
2300 5
2304 3
2308 9
2312 5
2316 8
2320 14
2324 9
2328 16
2332 23
2336 13
2340 26
2344 24
2348 13
2352 4
2356 8
2360 5
2364 9
2368 4
2372 11
2376 3
2380 4
2384 8
2388 10
2392 1
2396 3
2400 1
2404 2
2408 1
2412 2
2416 2
2420 3
2424 7
2428 2
2432 3
2436 2
2440 0
2444 2
2448 2
2452 1
2456 0
2460 1
2464 10
2468 9
2472 10
2476 6
2480 1
2484 2
2488 16
2492 11
2496 7
2500 13
2504 18
2508 3
2512 9
2516 9
2520 13
2524 9
2528 1
2532 0
2536 1
2540 6
2544 6
2548 12
2552 2
2556 9
2560 7
2564 5
2568 8
2572 1
2576 0
2580 4
2584 6
2588 12
2592 14
2596 8
2600 15
2604 15
2608 3
2612 4
2616 1
2620 7
2624 5
2628 4
2632 7
2636 4
2640 3
2644 0
2648 1
2652 2
2656 7
2660 8
2664 10
2668 7
2672 9
2676 3
2680 4
2684 4
2688 4
2692 0
2696 1
2700 7
2704 2
2708 1
2712 3
2716 2
2720 5
2724 8
2728 9
2732 9
2736 10
2740 6
2744 7
2748 1
2752 9
2756 4
2760 1
2764 2
2768 2
2772 0
2776 1
2780 4
2784 4
2788 6
2792 7
2796 6
2800 5
2804 3
2808 4
2812 9
2816 7
2820 3
2824 2
2828 9
2832 4
2836 1
2840 1
2844 8
2848 2
2852 3
2856 10
2860 10
2864 3
2868 0
2872 2
2876 4
2880 3
2884 9
2888 11
2892 3
2896 6
2900 4
2904 2
2908 3
2912 4
2916 18
2920 4
2924 12
2928 12
2932 2
2936 1
2940 3
2944 4
2948 5
2952 8
2956 4
2960 0
2964 6
2968 3
2972 12
2976 6
2980 19
2984 0
2988 4
2992 2
2996 1
3000 4
3004 0
3008 3
3012 1
3016 9
3020 7
3024 0
3028 6
3032 7
3036 10
3040 4
3044 1
3048 4
3052 4
3056 0
3060 2
3064 7
3068 5
3072 3
3076 2
3080 3
3084 1
3088 3
3092 2
3096 3
3100 3
3104 4
3108 5
3112 2
3116 3
3120 3
3124 10
3128 2
3132 2
3136 0
3140 7
3144 2
3148 3
3152 6
3156 2
3160 4
3164 7
3168 4
3172 4
3176 9
3180 15
3184 8
3188 4
3192 0
3196 6
3200 8
3204 4
3208 4
3212 2
3216 3
3220 3
3224 0
3228 4
3232 4
3236 3
3240 11
3244 3
3248 2
3252 1
3256 2
3260 3
3264 1
3268 0
3272 1
3276 0
3280 3
3284 2
3288 6
3292 6
3296 5
3300 1
3304 4
3308 1
3312 2
3316 3
3320 5
3324 0
3328 1
3332 6
3336 1
3340 5
3344 3
3348 3
3352 0
3356 3
3360 2
3364 6
3368 3
3372 4
3376 1
3380 12
3384 5
3388 5
3392 8
3396 5
3400 1
3404 1
3408 6
3412 9
3416 2
3420 2
3424 2
3428 2
3432 3
3436 3
3440 5
3444 6
3448 3
3452 3
3456 2
3460 0
3464 1
3468 5
3472 12
3476 8
3480 6
3484 1
3488 1
3492 1
3496 2
3500 1
3504 4
3508 8
3512 8
3516 4
3520 0
3524 9
3528 3
3532 4
3536 12
3540 18
3544 0
3548 3
3552 0
3556 2
3560 3
3564 6
3568 1
3572 6
3576 2
3580 1
3584 3
3588 1
3592 1
3596 3
3600 4
3604 0
3608 7
3612 9
3616 2
3620 2
3624 5
3628 4
3632 0
3636 8
3640 13
3644 0
3648 2
3652 0
3656 1
3660 3
3664 7
3668 0
3672 1
3676 1
3680 1
3684 1
3688 4
3692 6
3696 3
3700 1
3704 0
3708 2
3712 1
3716 5
3720 4
3724 4
3728 4
3732 0
3736 1
3740 4
3744 2
3748 3
3752 2
3756 1
3760 1
3764 6
3768 0
3772 1
3776 4
3780 1
3784 1
3788 7
3792 2
3796 5
3800 20
3804 26
3808 26
3812 14
3816 16
3820 11
3824 10
3828 5
3832 1
3836 2
3840 0
3844 1
3848 2
3852 1
3856 1
3860 3
3864 2
3868 1
3872 2
3876 5
3880 3
3884 6
3888 15
3892 6
3896 19
3900 12
3904 3
3908 0
3912 7
3916 1
3920 2
3924 1
3928 0
3932 5
3936 9
3940 5
3944 10
3948 18
3952 15
3956 8
3960 4
3964 13
3968 4
3972 1
3976 4
3980 3
3984 5
3988 1
3992 1
3996 1
4000 1
4004 1
4008 0
4012 3
4016 4
4020 1
4024 8
4028 9
4032 4
4036 3
4040 4
4044 12
4048 10
4052 9
4056 11
4060 8
4064 5
4068 2
4072 1
4076 0
4080 1
4084 2
4088 1
4092 7
4096 3
4100 3
4104 2
4108 3
4112 2
4116 5
4120 1
4124 5
4128 5
4132 6
4136 0
4140 2
4144 0
4148 10
4152 9
4156 3
4160 1
4164 4
4168 1
4172 11
4176 6
4180 2
4184 1
4188 2
4192 0
4196 4
4200 1
4204 4
4208 5
4212 10
4216 12
4220 6
4224 0
4228 1
4232 2
4236 6
4240 7
4244 4
4248 1
4252 1
4256 2
4260 5
4264 3
4268 5
4272 4
4276 4
4280 0
4284 3
4288 1
4292 2
4296 4
4300 1
4304 1
4308 8
4312 7
4316 6
4320 3
4324 9
4328 5
4332 1
4336 11
4340 3
4344 5
4348 10
4352 7
4356 14
4360 2
4364 3
4368 1
4372 1
4376 7
4380 6
4384 2
4388 0
4392 2
4396 3
4400 10
4404 0
4408 3
4412 6
4416 10
4420 2
4424 5
4428 1
4432 1
4436 1
4440 3
4444 1
4448 5
4452 4
4456 5
4460 2
4464 1
4468 4
4472 2
4476 2
4480 1
4484 1
4488 2
4492 3
4496 6
4500 7
4504 4
4508 4
4512 1
4516 5
4520 4
4524 3
4528 5
4532 16
4536 7
4540 4
4544 9
4548 14
4552 9
4556 2
4560 6
4564 2
4568 1
4572 5
4576 3
4580 5
4584 1
4588 0
4592 1
4596 1
4600 6
4604 1
4608 1
4612 3
4616 3
4620 2
4624 7
4628 15
4632 3
4636 12
4640 6
4644 0
4648 6
4652 2
4656 4
4660 6
4664 12
4668 11
4672 0
4676 2
4680 7
4684 1
4688 7
4692 4
4696 1
4700 0
4704 6
4708 0
4712 1
4716 1
4720 4
4724 15
4728 15
4732 13
4736 7
4740 2
4744 10
4748 4
4752 1
4756 2
4760 2
4764 2
4768 5
4772 6
4776 3
4780 0
4784 5
4788 4
4792 2
4796 8
4800 6
4804 6
4808 16
4812 6
4816 1
4820 2
4824 7
4828 2
4832 4
4836 6
4840 2
4844 0
4848 2
4852 1
4856 3
4860 3
4864 0
4868 1
4872 7
4876 3
4880 7
4884 6
4888 3
4892 4
4896 6
4900 0
4904 6
4908 4
4912 7
4916 3
4920 1
4924 2
4928 2
4932 7
4936 12
4940 8
4944 6
4948 5
4952 8
4956 12
4960 5
4964 1
4968 2
4972 12
4976 7
4980 15
4984 14
4988 4
4992 2
4996 3
5000 5
5004 1
5008 1
5012 1
5016 10
5020 5
5024 2
5028 6
5032 1
5036 0
5040 1
5044 5
5048 12
5052 3
5056 0
5060 1
5064 2
5068 2
5072 2
5076 7
5080 4
5084 18
5088 11
5092 7
5096 7
5100 4
5104 0
5108 3
5112 3
5116 1
5120 1
5124 5
5128 0
5132 3
5136 5
5140 1
5144 4
5148 9
5152 4
5156 16
5160 9
5164 1
5168 2
5172 4
5176 9
5180 7
5184 8
5188 3
5192 4
5196 3
5200 4
5204 1
5208 2
5212 11
5216 7
5220 9
5224 6
5228 14
5232 3
5236 7
5240 2
5244 7
5248 4
5252 8
5256 3
5260 1
5264 1
5268 0
5272 11
5276 7
5280 6
5284 4
5288 5
5292 3
5296 9
5300 7
5304 4
5308 2
5312 6
5316 3
5320 0
5324 3
5328 6
5332 1
5336 1
5340 3
5344 4
5348 11
5352 3
5356 1
5360 0
5364 7
5368 3
5372 4
5376 3
5380 1
5384 6
5388 6
5392 3
5396 1
5400 2
5404 2
5408 11
5412 6
5416 5
5420 3
5424 3
5428 4
5432 8
5436 10
5440 4
5444 5
5448 3
5452 2
5456 7
5460 10
5464 5
5468 3
5472 1
5476 2
5480 6
5484 0
5488 1
5492 7
5496 13
5500 5
5504 5
5508 5
5512 11
5516 2
5520 2
5524 1
5528 3
5532 1
5536 8
5540 4
5544 3
5548 2
5552 9
5556 21
5560 12
5564 7
5568 1
5572 5
5576 3
5580 5
5584 4
5588 5
5592 2
5596 0
5600 1
5604 4
5608 1
5612 2
5616 3
5620 2
5624 6
5628 6
5632 2
5636 5
5640 3
5644 2
5648 1
5652 1
5656 1
5660 3
5664 2
5668 1
5672 6
5676 7
5680 0
5684 2
5688 0
5692 2
5696 1
5700 1
5704 6
5708 2
5712 6
5716 4
5720 2
5724 1
5728 2
5732 0
5736 4
5740 3
5744 1
5748 0
5752 3
5756 1
5760 10
5764 5
5768 1
5772 5
5776 0
5780 4
5784 4
5788 4
5792 2
5796 3
5800 1
5804 1
5808 9
5812 7
5816 15
5820 10
5824 10
5828 6
5832 7
5836 5
5840 1
5844 13
5848 2
5852 0
5856 3
5860 1
5864 5
5868 3
5872 1
5876 1
5880 1
5884 3
5888 3
5892 3
5896 2
5900 4
5904 13
5908 14
5912 4
5916 2
5920 3
5924 3
5928 4
5932 12
5936 10
5940 3
5944 4
5948 1
5952 0
5956 3
5960 1
5964 5
5968 6
5972 2
5976 5
5980 3
5984 6
5988 4
5992 5
5996 1
6000 2
6004 3
6008 5
6012 5
6016 4
6020 2
6024 0
6028 1
6032 2
6036 1
6040 4
6044 14
6048 4
6052 5
6056 2
6060 8
6064 2
6068 0
6072 6
6076 7
6080 2
6084 5
6088 6
6092 9
6096 7
6100 0
6104 2
6108 13
6112 12
6116 8
6120 3
6124 2
6128 9
6132 12
6136 3
6140 1
6144 0
6148 1
6152 1
6156 1
6160 7
6164 15
6168 6
6172 1
6176 8
6180 4
6184 1
6188 3
6192 2
6196 4
6200 8
6204 2
6208 9
6212 4
6216 10
6220 10
6224 6
6228 14
6232 13
6236 4
6240 2
6244 4
6248 4
6252 2
6256 10
6260 6
6264 2
6268 1
6272 1
6276 6
6280 4
6284 7
6288 6
6292 2
6296 1
6300 1
6304 5
6308 8
6312 5
6316 0
6320 2
6324 0
6328 2
6332 1
6336 2
6340 1
6344 3
6348 1
6352 2
6356 1
6360 2
6364 8
6368 1
6372 2
6376 3
6380 3
6384 5
6388 5
6392 14
6396 4
6400 1
6404 0
6408 0
6412 0
6416 0
6420 0
6424 0
6428 0
6432 0
6436 0
6440 0
6444 0
6448 0
6452 0
6456 0
6460 0
6464 0
6468 0
6472 0
6476 0
6480 0
6484 0
6488 0
6492 0
6496 0
6500 0
6504 0
6508 0
6512 0
6516 0
6520 0
6524 0
6528 0
6532 0
6536 0
6540 0
6544 0
6548 0
6552 0
6556 0
6560 0
6564 0
6568 0
6572 0
6576 0
6580 0
6584 0
6588 0
6592 0
6596 0
6600 0
6604 0
6608 0
6612 0
6616 0
6620 0
6624 0
6628 0
6632 0
6636 0
6640 0
6644 0
6648 0
6652 0
6656 0
6660 0
6664 0
6668 0
6672 0
6676 0
6680 0
6684 0
6688 0
6692 0
6696 0
6700 0
6704 0
6708 0
6712 0
6716 0
6720 0
6724 0
6728 0
6732 0
6736 0
6740 0
6744 0
6748 0
6752 0
6756 0
6760 0
6764 0
6768 0
6772 0
6776 0
6780 0
6784 0
6788 0
6792 0
6796 0
6800 0
6804 0
6808 0
6812 0
6816 0
6820 0
6824 0
6828 0
6832 0
6836 0
6840 0
6844 0
6848 0
6852 0
6856 0
6860 0
6864 0
6868 0
6872 0
6876 0
6880 0
6884 0
6888 0
6892 0
6896 0
6900 0
6904 0
6908 0
6912 0
6916 0
6920 0
6924 0
6928 0
6932 0
6936 0
6940 0
6944 0
6948 0
6952 0
6956 0
6960 0
6964 0
6968 0
6972 0
6976 0
6980 0
6984 0
6988 0
6992 0
6996 0
7000 0
7004 0
7008 0
7012 0
7016 0
7020 0
7024 0
7028 0
7032 0
7036 0
7040 0
7044 0
7048 0
7052 0
7056 0
7060 0
7064 0
7068 0
7072 0
7076 0
7080 0
7084 0
7088 0
7092 0
7096 0
7100 0
7104 0
7108 0
7112 0
7116 0
7120 0
7124 0
7128 0
7132 0
7136 0
7140 0
7144 0
7148 0
7152 0
7156 0
7160 0
7164 0
7168 0
7172 0
7176 0
7180 0
7184 0
7188 0
7192 0
7196 0
7200 0
7204 0
7208 0
7212 0
7216 0
7220 0
7224 0
7228 0
7232 0
7236 0
7240 0
7244 0
7248 0
7252 0
7256 0
7260 0
7264 0
7268 0
7272 0
7276 0
7280 0
7284 0
7288 0
7292 0
7296 0
7300 0
7304 0
7308 0
7312 0
7316 0
7320 0
7324 0
7328 0
7332 0
7336 0
7340 0
7344 0
7348 0
7352 0
7356 0
7360 0
7364 0
7368 0
7372 0
7376 0
7380 0
7384 0
7388 0
7392 0
7396 0
7400 0
7404 0
7408 0
7412 0
7416 0
7420 0
7424 0
7428 0
7432 0
7436 0
7440 0
7444 0
7448 0
7452 0
7456 0
7460 0
7464 0
7468 0
7472 0
7476 0
7480 0
7484 0
7488 0
7492 0
7496 0
7500 0
7504 0
7508 0
7512 0
7516 0
7520 0
7524 0
7528 0
7532 0
7536 0
7540 0
7544 0
7548 0
7552 0
7556 0
7560 0
7564 0
7568 0
7572 0
7576 0
7580 0
7584 0
7588 0
7592 0
7596 0
7600 0
7604 0
7608 0
7612 0
7616 0
7620 0
7624 0
7628 0
7632 0
7636 0
7640 0
7644 0
7648 0
7652 0
7656 0
7660 0
7664 0
7668 0
7672 0
7676 0
7680 0
7684 0
7688 0
7692 0
7696 0
7700 0
7704 0
7708 0
7712 0
7716 0
7720 0
7724 0
7728 0
7732 0
7736 0
7740 0
7744 0
7748 0
7752 0
7756 0
7760 0
7764 0
7768 0
7772 0
7776 0
7780 0
7784 0
7788 0
7792 0
7796 0
7800 0
7804 0
7808 0
7812 0
7816 0
7820 0
7824 0
7828 0
7832 0
7836 0
7840 0
7844 0
7848 0
7852 0
7856 0
7860 0
7864 0
7868 0
7872 0
7876 0
7880 0
7884 0
7888 0
7892 0
7896 0
7900 0
7904 0
7908 0
7912 0
7916 0
7920 0
7924 0
7928 0
7932 0
7936 0
7940 0
7944 0
7948 0
7952 0
7956 0
7960 0
7964 0
7968 0
7972 0
7976 0
7980 0
7984 0
7988 0
7992 0
7996 0
8000 0
8004 0
8008 0
8012 0
8016 0
8020 0
8024 0
8028 0
8032 0
8036 0
8040 0
8044 0
8048 0
8052 0
8056 0
8060 0
8064 0
8068 0
8072 0
8076 0
8080 0
8084 0
8088 0
8092 0
8096 0
8100 0
8104 0
8108 0
8112 0
8116 0
8120 0
8124 0
8128 0
8132 0
8136 0
8140 0
8144 0
8148 0
8152 0
8156 0
8160 0
8164 0
8168 0
8172 0
8176 0
8180 0
8184 0
8188 0
8192 0
8196 0
8200 0
8204 0
8208 0
8212 0
8216 0
8220 0
8224 0
8228 0
8232 0
8236 0
8240 0
8244 0
8248 0
8252 0
8256 0
8260 0
8264 0
8268 0
8272 0
8276 0
8280 0
8284 0
8288 0
8292 0
8296 0
8300 0
8304 0
8308 0
8312 0
8316 0
8320 0
8324 0
8328 0
8332 0
8336 0
8340 0
8344 0
8348 0
8352 0
8356 0
8360 0
8364 0
8368 0
8372 0
8376 0
8380 0
8384 0
8388 0
8392 0
8396 0
8400 0
8404 0
8408 0
8412 0
8416 0
8420 0
8424 0
8428 0
8432 0
8436 0
8440 0
8444 0
8448 0
8452 0
8456 0
8460 0
8464 0
8468 0
8472 0
8476 0
8480 0
8484 0
8488 0
8492 0
8496 0
8500 0
8504 0
8508 0
8512 0
8516 0
8520 0
8524 0
8528 0
8532 0
8536 0
8540 0
8544 0
8548 0
8552 0
8556 0
8560 0
8564 0
8568 0
8572 0
8576 0
8580 0
8584 0
8588 0
8592 0
8596 0
8600 0
8604 0
8608 0
8612 0
8616 0
8620 0
8624 0
8628 0
8632 0
8636 0
8640 0
8644 0
8648 0
8652 0
8656 0
8660 0
8664 0
8668 0
8672 0
8676 0
8680 0
8684 0
8688 0
8692 0
8696 0
8700 0
8704 0
8708 0
8712 0
8716 0
8720 0
8724 0
8728 0
8732 0
8736 0
8740 0
8744 0
8748 0
8752 0
8756 0
8760 0
8764 0
8768 0
8772 0
8776 0
8780 0
8784 0
8788 0
8792 0
8796 0
8800 0
8804 0
8808 0
8812 0
8816 0
8820 0
8824 0
8828 0
8832 0
8836 0
8840 0
8844 0
8848 0
8852 0
8856 0
8860 0
8864 0
8868 0
8872 0
8876 0
8880 0
8884 0
8888 0
8892 0
8896 0
8900 0
8904 0
8908 0
8912 0
8916 0
8920 0
8924 0
8928 0
8932 0
8936 0
8940 0
8944 0
8948 0
8952 0
8956 0
8960 0
8964 0
8968 0
8972 0
8976 0
8980 0
8984 0
8988 0
8992 0
8996 0
9000 0
9004 0
9008 0
9012 0
9016 0
9020 0
9024 0
9028 0
9032 0
9036 0
9040 0
9044 0
9048 0
9052 0
9056 0
9060 0
9064 0
9068 0
9072 0
9076 0
9080 0
9084 0
9088 0
9092 0
9096 0
9100 0
9104 0
9108 0
9112 0
9116 0
9120 0
9124 0
9128 0
9132 0
9136 0
9140 0
9144 0
9148 0
9152 0
9156 0
9160 0
9164 0
9168 0
9172 0
9176 0
9180 0
9184 0
9188 0
9192 0
9196 0
9200 0
9204 0
9208 0
9212 0
9216 0
9220 0
9224 0
9228 0
9232 0
9236 0
9240 0
9244 0
9248 0
9252 0
9256 0
9260 0
9264 0
9268 0
9272 0
9276 0
9280 0
9284 0
9288 0
9292 0
9296 0
9300 0
9304 0
9308 0
9312 0
9316 0
9320 0
9324 0
9328 0
9332 0
9336 0
9340 0
9344 0
9348 0
9352 0
9356 0
9360 0
9364 0
9368 0
9372 0
9376 0
9380 0
9384 0
9388 0
9392 0
9396 0
9400 0
9404 0
9408 0
9412 0
9416 0
9420 0
9424 0
9428 0
9432 0
9436 0
9440 0
9444 0
9448 0
9452 0
9456 0
9460 0
9464 0
9468 0
9472 0
9476 0
9480 0
9484 0
9488 0
9492 0
9496 0
9500 0
9504 0
9508 0
9512 0
9516 0
9520 0
9524 0
9528 0
9532 0
9536 0
9540 0
9544 0
9548 0
9552 0
9556 0
9560 0
9564 0
9568 0
9572 0
9576 0
9580 0
9584 0
9588 0
9592 0
9596 0
9600 0
9604 0
9608 0
9612 0
9616 0
9620 0
9624 0
9628 0
9632 0
9636 0
9640 0
9644 0
9648 0
9652 0
9656 0
9660 0
9664 0
9668 0
9672 0
9676 0
9680 0
9684 0
9688 0
9692 0
9696 0
9700 0
9704 0
9708 0
9712 0
9716 0
9720 0
9724 0
9728 0
9732 0
9736 0
9740 0
9744 0
9748 0
9752 0
9756 0
9760 0
9764 0
9768 0
9772 0
9776 0
9780 0
9784 0
9788 0
9792 0
9796 0
9800 0
9804 0
9808 0
9812 0
9816 0
9820 0
9824 0
9828 0
9832 0
9836 0
9840 0
9844 0
9848 0
9852 0
9856 0
9860 0
9864 0
9868 0
9872 0
9876 0
9880 0
9884 0
9888 0
9892 0
9896 0
9900 0
9904 0
9908 0
9912 0
9916 0
9920 0
9924 0
9928 0
9932 0
9936 0
9940 0
9944 0
9948 0
9952 0
9956 0
9960 0
9964 0
9968 0
9972 0
9976 0
9980 0
9984 0
9988 0
9992 0
9996 0
10000 0
10004 0
10008 0
10012 0
10016 0
10020 0
10024 0
10028 0
10032 0
10036 0
10040 0
10044 0
10048 0
10052 0
10056 0
10060 0
10064 0
10068 0
10072 0
10076 0
10080 0
10084 0
10088 0
10092 0
10096 0
10100 0
10104 0
10108 0
10112 0
10116 0
10120 0
10124 0
10128 0
10132 0
10136 0
10140 0
10144 0
10148 0
10152 0
10156 0
10160 0
10164 0
10168 0
10172 0
10176 0
10180 0
10184 0
10188 0
10192 0
10196 0
10200 0
10204 0
10208 0
10212 0
10216 0
10220 0
10224 0
10228 0
10232 0
10236 0
10240 0
10244 0
10248 0
10252 0
10256 0
10260 0
10264 0
10268 0
10272 0
10276 0
10280 0
10284 0
10288 0
10292 0
10296 0
10300 0
10304 0
10308 0
10312 0
10316 0
10320 0
10324 0
10328 0
10332 0
10336 0
10340 0
10344 0
10348 0
10352 0
10356 0
10360 0
10364 0
10368 0
10372 0
10376 0
10380 0
10384 0
10388 0
10392 0
10396 0
10400 0
10404 0
10408 0
10412 0
10416 0
10420 0
10424 0
10428 0
10432 0
10436 0
10440 0
10444 0
10448 0
10452 0
10456 0
10460 0
10464 0
10468 0
10472 0
10476 0
10480 0
10484 0
10488 0
10492 0
10496 0
10500 0
10504 0
10508 0
10512 0
10516 0
10520 0
10524 0
10528 0
10532 0
10536 0
10540 0
10544 0
10548 0
10552 0
10556 0
10560 0
10564 0
10568 0
10572 0
10576 0
10580 0
10584 0
10588 0
10592 0
10596 0
10600 0
10604 0
10608 0
10612 0
10616 0
10620 0
10624 0
10628 0
10632 0
10636 0
10640 0
10644 0
10648 0
10652 0
10656 0
10660 0
10664 0
10668 0
10672 0
10676 0
10680 0
10684 0
10688 0
10692 0
10696 0
10700 0
10704 0
10708 0
10712 0
10716 0
10720 0
10724 0
10728 0
10732 0
10736 0
10740 0
10744 0
10748 0
10752 0
10756 0
10760 0
10764 0
10768 0
10772 0
10776 0
10780 0
10784 0
10788 0
10792 0
10796 0
10800 0
10804 0
10808 0
10812 0
10816 0
10820 0
10824 0
10828 0
10832 0
10836 0
10840 0
10844 0
10848 0
10852 0
10856 0
10860 0
10864 0
10868 0
10872 0
10876 0
10880 0
10884 0
10888 0
10892 0
10896 0
10900 0
10904 0
10908 0
10912 0
10916 0
10920 0
10924 0
10928 0
10932 0
10936 0
10940 0
10944 0
10948 0
10952 0
10956 0
10960 0
10964 0
10968 0
10972 0
10976 0
10980 0
10984 0
10988 0
10992 0
10996 0
11000 0
11004 0
11008 0
11012 0
11016 0
11020 0
11024 0
11028 0
11032 0
11036 0
11040 0
11044 0
11048 0
11052 0
11056 0
11060 0
11064 0
11068 0
11072 0
11076 0
11080 0
11084 0
11088 0
11092 0
11096 0
11100 0
11104 0
11108 0
11112 0
11116 0
11120 0
11124 0
11128 0
11132 0
11136 0
11140 0
11144 0
11148 0
11152 0
11156 0
11160 0
11164 0
11168 0
11172 0
11176 0
11180 0
11184 0
11188 0
11192 0
11196 0
11200 0
11204 0
11208 0
11212 0
11216 0
11220 0
11224 0
11228 0
11232 0
11236 0
11240 0
11244 0
11248 0
11252 0
11256 0
11260 0
11264 0
11268 0
11272 0
11276 0
11280 0
11284 0
11288 0
11292 0
11296 0
11300 0
11304 0
11308 0
11312 0
11316 0
11320 0
11324 0
11328 0
11332 0
11336 0
11340 0
11344 0
11348 0
11352 0
11356 0
11360 0
11364 0
11368 0
11372 0
11376 0
11380 0
11384 0
11388 0
11392 0
11396 0
11400 0
11404 0
11408 0
11412 0
11416 0
11420 0
11424 0
11428 0
11432 0
11436 0
11440 0
11444 0
11448 0
11452 0
11456 0
11460 0
11464 0
11468 0
11472 0
11476 0
11480 0
11484 0
11488 0
11492 0
11496 0
11500 0
11504 0
11508 0
11512 0
11516 0
11520 0
11524 0
11528 0
11532 0
11536 0
11540 0
11544 0
11548 0
11552 0
11556 0
11560 0
11564 0
11568 0
11572 0
11576 0
11580 0
11584 0
11588 0
11592 0
11596 0
11600 0
11604 0
11608 0
11612 0
11616 0
11620 0
11624 0
11628 0
11632 0
11636 0
11640 0
11644 0
11648 0
11652 0
11656 0
11660 0
11664 0
11668 0
11672 0
11676 0
11680 0
11684 0
11688 0
11692 0
11696 0
11700 0
11704 0
11708 0
11712 0
11716 0
11720 0
11724 0
11728 0
11732 0
11736 0
11740 0
11744 0
11748 0
11752 0
11756 0
11760 0
11764 0
11768 0
11772 0
11776 0
11780 0
11784 0
11788 0
11792 0
11796 0
11800 0
11804 0
11808 0
11812 0
11816 0
11820 0
11824 0
11828 0
11832 0
11836 0
11840 0
11844 0
11848 0
11852 0
11856 0
11860 0
11864 0
11868 0
11872 0
11876 0
11880 0
11884 0
11888 0
11892 0
11896 0
11900 0
11904 0
11908 0
11912 0
11916 0
11920 0
11924 0
11928 0
11932 0
11936 0
11940 0
11944 0
11948 0
11952 0
11956 0
11960 0
11964 0
11968 0
11972 0
11976 0
11980 0
11984 0
11988 0
11992 0
11996 0
12000 0
12004 0
12008 0
12012 0
12016 0
12020 0
12024 0
12028 0
12032 0
12036 0
12040 0
12044 0
12048 0
12052 0
12056 0
12060 0
12064 0
12068 0
12072 0
12076 0
12080 0
12084 0
12088 0
12092 0
12096 0
12100 0
12104 0
12108 0
12112 0
12116 0
12120 0
12124 0
12128 0
12132 0
12136 0
12140 0
12144 0
12148 0
12152 0
12156 0
12160 0
12164 0
12168 0
12172 0
12176 0
12180 0
12184 0
12188 0
12192 0
12196 0
12200 0
12204 0
12208 0
12212 0
12216 0
12220 0
12224 0
12228 0
12232 0
12236 0
12240 0
12244 0
12248 0
12252 0
12256 0
12260 0
12264 0
12268 0
12272 0
12276 0
12280 0
12284 0
12288 0
12292 0
12296 0
12300 0
12304 0
12308 0
12312 0
12316 0
12320 0
12324 0
12328 0
12332 0
12336 0
12340 0
12344 0
12348 0
12352 0
12356 0
12360 0
12364 0
12368 0
12372 0
12376 0
12380 0
12384 0
12388 0
12392 0
12396 0
12400 0
12404 0
12408 0
12412 0
12416 0
12420 0
12424 0
12428 0
12432 0
12436 0
12440 0
12444 0
12448 0
12452 0
12456 0
12460 0
12464 0
12468 0
12472 0
12476 0
12480 0
12484 0
12488 0
12492 0
12496 0
12500 0
12504 0
12508 0
12512 0
12516 0
12520 0
12524 0
12528 0
12532 0
12536 0
12540 0
12544 0
12548 0
12552 0
12556 0
12560 0
12564 0
12568 0
12572 0
12576 0
12580 0
12584 0
12588 0
12592 0
12596 0
12600 0
12604 0
12608 0
12612 0
12616 0
12620 0
12624 0
12628 0
12632 0
12636 0
12640 0
12644 0
12648 0
12652 0
12656 0
12660 0
12664 0
12668 0
12672 0
12676 0
12680 0
12684 0
12688 0
12692 0
12696 0
12700 0
12704 0
12708 0
12712 0
12716 0
12720 0
12724 0
12728 0
12732 0
12736 0
12740 0
12744 0
12748 0
12752 0
12756 0
12760 0
12764 0
12768 0
12772 0
12776 0
12780 0
12784 0
12788 0
12792 0
12796 0
12800 0
12804 0
12808 0
12812 0
12816 0
12820 0
12824 0
12828 0
12832 0
12836 0
12840 0
12844 0
12848 0
12852 0
12856 0
12860 0
12864 0
12868 0
12872 0
12876 0
12880 0
12884 0
12888 0
12892 0
12896 0
12900 0
12904 0
12908 0
12912 0
12916 0
12920 0
12924 0
12928 0
12932 0
12936 0
12940 0
12944 0
12948 0
12952 0
12956 0
12960 0
12964 0
12968 0
12972 0
12976 0
12980 0
12984 0
12988 0
12992 0
12996 0
13000 0
13004 0
13008 0
13012 0
13016 0
13020 0
13024 0
13028 0
13032 0
13036 0
13040 0
13044 0
13048 0
13052 0
13056 0
13060 0
13064 0
13068 0
13072 0
13076 0
13080 0
13084 0
13088 0
13092 0
13096 0
13100 0
13104 0
13108 0
13112 0
13116 0
13120 0
13124 0
13128 0
13132 0
13136 0
13140 0
13144 0
13148 0
13152 0
13156 0
13160 0
13164 0
13168 0
13172 0
13176 0
13180 0
13184 0
13188 0
13192 0
13196 0
13200 0
13204 0
13208 0
13212 0
13216 0
13220 0
13224 0
13228 0
13232 0
13236 0
13240 0
13244 0
13248 0
13252 0
13256 0
13260 0
13264 0
13268 0
13272 0
13276 0
13280 0
13284 0
13288 0
13292 0
13296 0
13300 0
13304 0
13308 0
13312 0
13316 0
13320 0
13324 0
13328 0
13332 0
13336 0
13340 0
13344 0
13348 0
13352 0
13356 0
13360 0
13364 0
13368 0
13372 0
13376 0
13380 0
13384 0
13388 0
13392 0
13396 0
13400 0
13404 0
13408 0
13412 0
13416 0
13420 0
13424 0
13428 0
13432 0
13436 0
13440 0
13444 0
13448 0
13452 0
13456 0
13460 0
13464 0
13468 0
13472 0
13476 0
13480 0
13484 0
13488 0
13492 0
13496 0
13500 0
13504 0
13508 0
13512 0
13516 0
13520 0
13524 0
13528 0
13532 0
13536 0
13540 0
13544 0
13548 0
13552 0
13556 0
13560 0
13564 0
13568 0
13572 0
13576 0
13580 0
13584 0
13588 0
13592 0
13596 0
13600 0
13604 0
13608 0
13612 0
13616 0
13620 0
13624 0
13628 0
13632 0
13636 0
13640 0
13644 0
13648 0
13652 0
13656 0
13660 0
13664 0
13668 0
13672 0
13676 0
13680 0
13684 0
13688 0
13692 0
13696 0
13700 0
13704 0
13708 0
13712 0
13716 0
13720 0
13724 0
13728 0
13732 0
13736 0
13740 0
13744 0
13748 0
13752 0
13756 0
13760 0
13764 0
13768 0
13772 0
13776 0
13780 0
13784 0
13788 0
13792 0
13796 0
13800 0
13804 0
13808 0
13812 0
13816 0
13820 0
13824 0
13828 0
13832 0
13836 0
13840 0
13844 0
13848 0
13852 0
13856 0
13860 0
13864 0
13868 0
13872 0
13876 0
13880 0
13884 0
13888 0
13892 0
13896 0
13900 0
13904 0
13908 0
13912 0
13916 0
13920 0
13924 0
13928 0
13932 0
13936 0
13940 0
13944 0
13948 0
13952 0
13956 0
13960 0
13964 0
13968 0
13972 0
13976 0
13980 0
13984 0
13988 0
13992 0
13996 0
14000 0
14004 0
14008 0
14012 0
14016 0
14020 0
14024 0
14028 0
14032 0
14036 0
14040 0
14044 0
14048 0
14052 0
14056 0
14060 0
14064 0
14068 0
14072 0
14076 0
14080 0
14084 0
14088 0
14092 0
14096 0
14100 0
14104 0
14108 0
14112 0
14116 0
14120 0
14124 0
14128 0
14132 0
14136 0
14140 0
14144 0
14148 0
14152 0
14156 0
14160 0
14164 0
14168 0
14172 0
14176 0
14180 0
14184 0
14188 0
14192 0
14196 0
14200 0
14204 0
14208 0
14212 0
14216 0
14220 0
14224 0
14228 0
14232 0
14236 0
14240 0
14244 0
14248 0
14252 0
14256 0
14260 0
14264 0
14268 0
14272 0
14276 0
14280 0
14284 0
14288 0
14292 0
14296 0
14300 0
14304 0
14308 0
14312 0
14316 0
14320 0
14324 0
14328 0
14332 0
14336 0
14340 0
14344 0
14348 0
14352 0
14356 0
14360 0
14364 0
14368 0
14372 0
14376 0
14380 0
14384 0
14388 0
14392 0
14396 0
14400 0
14404 0
14408 0
14412 0
14416 0
14420 0
14424 0
14428 0
14432 0
14436 0
14440 0
14444 0
14448 0
14452 0
14456 0
14460 0
14464 0
14468 0
14472 0
14476 0
14480 0
14484 0
14488 0
14492 0
14496 0
14500 0
14504 0
14508 0
14512 0
14516 0
14520 0
14524 0
14528 0
14532 0
14536 0
14540 0
14544 0
14548 0
14552 0
14556 0
14560 0
14564 0
14568 0
14572 0
14576 0
14580 0
14584 0
14588 0
14592 0
14596 0
14600 0
14604 0
14608 0
14612 0
14616 0
14620 0
14624 0
14628 0
14632 0
14636 0
14640 0
14644 0
14648 0
14652 0
14656 0
14660 0
14664 0
14668 0
14672 0
14676 0
14680 0
14684 0
14688 0
14692 0
14696 0
14700 0
14704 0
14708 0
14712 0
14716 0
14720 0
14724 0
14728 0
14732 0
14736 0
14740 0
14744 0
14748 0
14752 0
14756 0
14760 0
14764 0
14768 0
14772 0
14776 0
14780 0
14784 0
14788 0
14792 0
14796 0
14800 0
14804 0
14808 0
14812 0
14816 0
14820 0
14824 0
14828 0
14832 0
14836 0
14840 0
14844 0
14848 0
14852 0
14856 0
14860 0
14864 0
14868 0
14872 0
14876 0
14880 0
14884 0
14888 0
14892 0
14896 0
14900 0
14904 0
14908 0
14912 0
14916 0
14920 0
14924 0
14928 0
14932 0
14936 0
14940 0
14944 0
14948 0
14952 0
14956 0
14960 0
14964 0
14968 0
14972 0
14976 0
14980 0
14984 0
14988 0
14992 0
14996 0
15000 0
15004 0
15008 0
15012 0
15016 0
15020 0
15024 0
15028 0
15032 0
15036 0
15040 0
15044 0
15048 0
15052 0
15056 0
15060 0
15064 0
15068 0
15072 0
15076 0
15080 0
15084 0
15088 0
15092 0
15096 0
15100 0
15104 0
15108 0
15112 0
15116 0
15120 0
15124 0
15128 0
15132 0
15136 0
15140 0
15144 0
15148 0
15152 0
15156 0
15160 0
15164 0
15168 0
15172 0
15176 0
15180 0
15184 0
15188 0
15192 0
15196 0
15200 0
15204 0
15208 0
15212 0
15216 0
15220 0
15224 0
15228 0
15232 0
15236 0
15240 0
15244 0
15248 0
15252 0
15256 0
15260 0
15264 0
15268 0
15272 0
15276 0
15280 0
15284 0
15288 0
15292 0
15296 0
15300 0
15304 0
15308 0
15312 0
15316 0
15320 0
15324 0
15328 0
15332 0
15336 0
15340 0
15344 0
15348 0
15352 0
15356 0
15360 0
15364 0
15368 0
15372 0
15376 0
15380 0
15384 0
15388 0
15392 0
15396 0
15400 0
15404 0
15408 0
15412 0
15416 0
15420 0
15424 0
15428 0
15432 0
15436 0
15440 0
15444 0
15448 0
15452 0
15456 0
15460 0
15464 0
15468 0
15472 0
15476 0
15480 0
15484 0
15488 0
15492 0
15496 0
15500 0
15504 0
15508 0
15512 0
15516 0
15520 0
15524 0
15528 0
15532 0
15536 0
15540 0
15544 0
15548 0
15552 0
15556 0
15560 0
15564 0
15568 0
15572 0
15576 0
15580 0
15584 0
15588 0
15592 0
15596 0
15600 0
15604 0
15608 0
15612 0
15616 0
15620 0
15624 0
15628 0
15632 0
15636 0
15640 0
15644 0
15648 0
15652 0
15656 0
15660 0
15664 0
15668 0
15672 0
15676 0
15680 0
15684 0
15688 0
15692 0
15696 0
15700 0
15704 0
15708 0
15712 0
15716 0
15720 0
15724 0
15728 0
15732 0
15736 0
15740 0
15744 0
15748 0
15752 0
15756 0
15760 0
15764 0
15768 0
15772 0
15776 0
15780 0
15784 0
15788 0
15792 0
15796 0
15800 0
15804 0
15808 0
15812 0
15816 0
15820 0
15824 0
15828 0
15832 0
15836 0
15840 0
15844 0
15848 0
15852 0
15856 0
15860 0
15864 0
15868 0
15872 0
15876 0
15880 0
15884 0
15888 0
15892 0
15896 0
15900 0
15904 0
15908 0
15912 0
15916 0
15920 0
15924 0
15928 0
15932 0
15936 0
15940 0
15944 0
15948 0
15952 0
15956 0
15960 0
15964 0
15968 0
15972 0
15976 0
15980 0
15984 0
15988 0
15992 0
15996 0
16000 0
16004 0
16008 0
16012 0
16016 0
16020 0
16024 0
16028 0
16032 0
16036 0
16040 0
16044 0
16048 0
16052 0
16056 0
16060 0
16064 0
16068 0
16072 0
16076 0
16080 0
16084 0
16088 0
16092 0
16096 0
16100 0
16104 0
16108 0
16112 0
16116 0
16120 0
16124 0
16128 0
16132 0
16136 0
16140 0
16144 0
16148 0
16152 0
16156 0
16160 0
16164 0
16168 0
16172 0
16176 0
16180 0
16184 0
16188 0
16192 0
16196 0
16200 0
16204 0
16208 0
16212 0
16216 0
16220 0
16224 0
16228 0
16232 0
16236 0
16240 0
16244 0
16248 0
16252 0
16256 0
16260 0
16264 0
16268 0
16272 0
16276 0
16280 0
16284 0
16288 0
16292 0
16296 0
16300 0
16304 0
16308 0
16312 0
16316 0
16320 0
16324 0
16328 0
16332 0
16336 0
16340 0
16344 0
16348 0
16352 0
16356 0
16360 0
16364 0
16368 0
16372 0
16376 0
16380 0
16384 0
16388 0
16392 0
16396 0
16400 0
16404 0
16408 0
16412 0
16416 0
16420 0
16424 0
16428 0
16432 0
16436 0
16440 0
16444 0
16448 0
16452 0
16456 0
16460 0
16464 0
16468 0
16472 0
16476 0
16480 0
16484 0
16488 0
16492 0
16496 0
16500 0
16504 0
16508 0
16512 0
16516 0
16520 0
16524 0
16528 0
16532 0
16536 0
16540 0
16544 0
16548 0
16552 0
16556 0
16560 0
16564 0
16568 0
16572 0
16576 0
16580 0
16584 0
16588 0
16592 0
16596 0
16600 0
16604 0
16608 0
16612 0
16616 0
16620 0
16624 0
16628 0
16632 0
16636 0
16640 0
16644 0
16648 0
16652 0
16656 0
16660 0
16664 0
16668 0
16672 0
16676 0
16680 0
16684 0
16688 0
16692 0
16696 0
16700 0
16704 0
16708 0
16712 0
16716 0
16720 0
16724 0
16728 0
16732 0
16736 0
16740 0
16744 0
16748 0
16752 0
16756 0
16760 0
16764 0
16768 0
16772 0
16776 0
16780 0
16784 0
16788 0
16792 0
16796 0
16800 0
16804 0
16808 0
16812 0
16816 0
16820 0
16824 0
16828 0
16832 0
16836 0
16840 0
16844 0
16848 0
16852 0
16856 0
16860 0
16864 0
16868 0
16872 0
16876 0
16880 0
16884 0
16888 0
16892 0
16896 0
16900 0
16904 0
16908 0
16912 0
16916 0
16920 0
16924 0
16928 0
16932 0
16936 0
16940 0
16944 0
16948 0
16952 0
16956 0
16960 0
16964 0
16968 0
16972 0
16976 0
16980 0
16984 0
16988 0
16992 0
16996 0
17000 0
17004 0
17008 0
17012 0
17016 0
17020 0
17024 0
17028 0
17032 0
17036 0
17040 0
17044 0
17048 0
17052 0
17056 0
17060 0
17064 0
17068 0
17072 0
17076 0
17080 0
17084 0
17088 0
17092 0
17096 0
17100 0
17104 0
17108 0
17112 0
17116 0
17120 0
17124 0
17128 0
17132 0
17136 0
17140 0
17144 0
17148 0
17152 0
17156 0
17160 0
17164 0
17168 0
17172 0
17176 0
17180 0
17184 0
17188 0
17192 0
17196 0
17200 0
17204 0
17208 0
17212 0
17216 0
17220 0
17224 0
17228 0
17232 0
17236 0
17240 0
17244 0
17248 0
17252 0
17256 0
17260 0
17264 0
17268 0
17272 0
17276 0
17280 0
17284 0
17288 0
17292 0
17296 0
17300 0
17304 0
17308 0
17312 0
17316 0
17320 0
17324 0
17328 0
17332 0
17336 0
17340 0
17344 0
17348 0
17352 0
17356 0
17360 0
17364 0
17368 0
17372 0
17376 0
17380 0
17384 0
17388 0
17392 0
17396 0
17400 0
17404 0
17408 0
17412 0
17416 0
17420 0
17424 0
17428 0
17432 0
17436 0
17440 0
17444 0
17448 0
17452 0
17456 0
17460 0
17464 0
17468 0
17472 0
17476 0
17480 0
17484 0
17488 0
17492 0
17496 0
17500 0
17504 0
17508 0
17512 0
17516 0
17520 0
17524 0
17528 0
17532 0
17536 0
17540 0
17544 0
17548 0
17552 0
17556 0
17560 0
17564 0
17568 0
17572 0
17576 0
17580 0
17584 0
17588 0
17592 0
17596 0
17600 0
17604 0
17608 0
17612 0
17616 0
17620 0
17624 0
17628 0
17632 0
17636 0
17640 0
17644 0
17648 0
17652 0
17656 0
17660 0
17664 0
17668 0
17672 0
17676 0
17680 0
17684 0
17688 0
17692 0
17696 0
17700 0
17704 0
17708 0
17712 0
17716 0
17720 0
17724 0
17728 0
17732 0
17736 0
17740 0
17744 0
17748 0
17752 0
17756 0
17760 0
17764 0
17768 0
17772 0
17776 0
17780 0
17784 0
17788 0
17792 0
17796 0
17800 0
17804 0
17808 0
17812 0
17816 0
17820 0
17824 0
17828 0
17832 0
17836 0
17840 0
17844 0
17848 0
17852 0
17856 0
17860 0
17864 0
17868 0
17872 0
17876 0
17880 0
17884 0
17888 0
17892 0
17896 0
17900 0
17904 0
17908 0
17912 0
17916 0
17920 0
17924 0
17928 0
17932 0
17936 0
17940 0
17944 0
17948 0
17952 0
17956 0
17960 0
17964 0
17968 0
17972 0
17976 0
17980 0
17984 0
17988 0
17992 0
17996 0
18000 0
18004 0
18008 0
18012 0
18016 0
18020 0
18024 0
18028 0
18032 0
18036 0
18040 0
18044 0
18048 0
18052 0
18056 0
18060 0
18064 0
18068 0
18072 0
18076 0
18080 0
18084 0
18088 0
18092 0
18096 0
18100 0
18104 0
18108 0
18112 0
18116 0
18120 0
18124 0
18128 0
18132 0
18136 0
18140 0
18144 0
18148 0
18152 0
18156 0
18160 0
18164 0
18168 0
18172 0
18176 0
18180 0
18184 0
18188 0
18192 0
18196 0
18200 0
18204 0
18208 0
18212 0
18216 0
18220 0
18224 0
18228 0
18232 0
18236 0
18240 0
18244 0
18248 0
18252 0
18256 0
18260 0
18264 0
18268 0
18272 0
18276 0
18280 0
18284 0
18288 0
18292 0
18296 0
18300 0
18304 0
18308 0
18312 0
18316 0
18320 0
18324 0
18328 0
18332 0
18336 0
18340 0
18344 0
18348 0
18352 0
18356 0
18360 0
18364 0
18368 0
18372 0
18376 0
18380 0
18384 0
18388 0
18392 0
18396 0
18400 0
18404 0
18408 0
18412 0
18416 0
18420 0
18424 0
18428 0
18432 0
18436 0
18440 0
18444 0
18448 0
18452 0
18456 0
18460 0
18464 0
18468 0
18472 0
18476 0
18480 0
18484 0
18488 0
18492 0
18496 0
18500 0
18504 0
18508 0
18512 0
18516 0
18520 0
18524 0
18528 0
18532 0
18536 0
18540 0
18544 0
18548 0
18552 0
18556 0
18560 0
18564 0
18568 0
18572 0
18576 0
18580 0
18584 0
18588 0
18592 0
18596 0
18600 0
18604 0
18608 0
18612 0
18616 0
18620 0
18624 0
18628 0
18632 0
18636 0
18640 0
18644 0
18648 0
18652 0
18656 0
18660 0
18664 0
18668 0
18672 0
18676 0
18680 0
18684 0
18688 0
18692 0
18696 0
18700 0
18704 0
18708 0
18712 0
18716 0
18720 0
18724 0
18728 0
18732 0
18736 0
18740 0
18744 0
18748 0
18752 0
18756 0
18760 0
18764 0
18768 0
18772 0
18776 0
18780 0
18784 0
18788 0
18792 0
18796 0
18800 0
18804 0
18808 0
18812 0
18816 0
18820 0
18824 0
18828 0
18832 0
18836 0
18840 0
18844 0
18848 0
18852 0
18856 0
18860 0
18864 0
18868 0
18872 0
18876 0
18880 0
18884 0
18888 0
18892 0
18896 0
18900 0
18904 0
18908 0
18912 0
18916 0
18920 0
18924 0
18928 0
18932 0
18936 0
18940 0
18944 0
18948 0
18952 0
18956 0
18960 0
18964 0
18968 0
18972 0
18976 0
18980 0
18984 0
18988 0
18992 0
18996 0
19000 0
19004 0
19008 0
19012 0
19016 0
19020 0
19024 0
19028 0
19032 0
19036 0
19040 0
19044 0
19048 0
19052 0
19056 0
19060 0
19064 0
19068 0
19072 0
19076 0
19080 0
19084 0
19088 0
19092 0
19096 0
19100 0
19104 0
19108 0
19112 0
19116 0
19120 0
19124 0
19128 0
19132 0
19136 0
19140 0
19144 0
19148 0
19152 0
19156 0
19160 0
19164 0
19168 0
19172 0
19176 0
19180 0
19184 0
19188 0
19192 0
19196 0
19200 0
