0 -318320 160438 219
1 -318328 160432 654
2 -318024 160516 1128
3 -318072 160504 1638
4 -318196 160466 2123
5 -318196 160468 2590
6 -318208 160458 3053
7 -318156 160480 3522
8 -318188 160472 3998
9 -318052 160502 4485
10 -318036 160516 4994
11 -318104 160488 5496
12 -318228 160466 5973
13 -318308 160450 6431
14 -318392 160420 6866
15 -318368 160424 7288
16 -318180 160484 7742
17 -318204 160466 8215
18 -318160 160484 8690
19 -318488 160396 9130
20 -318108 160506 9581
21 -318200 160468 10066
22 -318112 160488 10542
23 -318052 160512 11042
24 -318016 160520 11558
25 -318236 160458 12047
26 -318172 160472 12512
27 -318124 160486 12991
28 -318428 160410 13439
29 -318124 160488 13888
30 -318036 160518 14391
31 -317948 160536 14918
32 -318264 160450 15411
33 -318044 160510 15891
34 -318180 160464 16378
35 -318084 160500 16860
36 -318260 160456 17338
37 -318268 160464 17794
38 -318232 160464 18254
39 -318064 160510 18737
40 -318232 160462 19223
41 -318364 160426 19667
42 -318220 160458 20109
43 -317876 160558 20617
44 -318176 160472 21132
45 -317980 160526 21631
46 -317848 160558 22173
47 -318024 160518 22709
48 -318280 160444 23190
49 -317952 160540 23682
50 -318008 160526 24215
51 -318120 160490 24723
52 -318284 160440 25188
53 -318220 160468 25642
54 -318120 160490 26121
55 -318060 160510 26621
56 -318348 160424 27088
57 -318232 160474 27537
58 -318184 160474 28011
59 -318092 160494 28495
60 -318144 160484 28982
61 -318356 160438 29441
62 -318368 160424 29872
63 -318140 160488 30328
64 -318120 160482 30813
65 -318200 160470 31289
66 -318164 160478 31763
67 -318076 160504 32254
68 -318236 160464 32738
69 -318340 160438 33189
70 -318168 160478 33647
71 -318352 160434 34103
72 -318436 160406 34523
73 -318420 160408 34930
74 -318092 160502 35385
75 -318208 160468 35868
76 -318296 160438 36321
77 -318192 160468 36774
78 -318020 160522 37269
79 -318276 160446 37753
80 -318120 160490 38221
81 -318280 160444 38688
82 -318208 160462 39141
83 -318232 160462 39603
84 -318180 160476 40072
85 -318116 160494 40557
86 -318104 160494 41051
87 -318164 160482 41539
88 -318176 160478 42019
89 -318128 160488 42502
90 -318140 160478 42985
91 -318256 160450 43449
92 -317912 160546 43947
93 -317988 160526 44479
94 -318036 160512 44998
95 -318016 160516 45510
96 -317984 160538 46035
97 -318120 160500 46552
98 -318416 160418 47009
99 -317984 160528 47482
100 -318244 160462 47977
101 -318196 160472 48444
102 -318280 160448 48904
103 -318244 160454 49355
104 -318140 160488 49826
105 -318136 160482 50311
106 -318144 160476 50790
107 -318120 160486 51271
108 -318256 160456 51742
109 -318052 160502 52221
110 -318092 160490 52717
111 -318160 160484 53204
112 -318104 160502 53697
113 -318192 160474 54183
114 -317856 160558 54697
115 -318144 160482 55215
116 -318328 160442 55677
117 -318264 160450 56123
118 -318252 160454 56575
119 -318352 160426 57015
120 -318284 160442 57449
121 -318244 160464 57902
122 -318136 160484 58376
123 -318256 160454 58845
124 -318128 160492 59318
125 -318444 160404 59766
126 -318032 160522 60223
127 -318060 160518 60737
128 -318216 160464 61224
129 -318040 160514 61713
130 -318096 160490 62215
131 -318240 160456 62688
132 -318464 160400 63116
133 -318188 160464 63548
134 -318040 160512 64036
135 -318000 160518 64551
136 -318012 160514 65067
137 -317936 160536 65592
138 -318284 160442 66081
139 -318400 160412 66508
140 -318072 160506 66967
141 -318180 160472 67456
142 -317832 160564 67974
143 -318268 160450 68481
144 -318056 160498 68953
145 -318288 160446 69425
146 -318088 160492 69894
147 -318248 160460 70370
148 -318364 160422 70811
149 -318116 160486 71265
150 -318204 160462 71739
151 -318304 160440 72190
152 -318224 160456 72638
153 -318128 160482 73107
154 -318188 160478 73587
155 -317984 160520 74084
156 -318140 160484 74586
157 -318284 160448 75052
158 -318240 160460 75506
159 -318152 160490 75981
160 -318384 160416 76434
161 -318064 160494 76889
162 -318188 160464 77368
163 -318012 160520 77858
164 -318220 160478 78351
165 -318220 160456 78818
166 -318252 160452 79272
167 -318032 160520 79756
168 -318124 160492 80262
169 -317976 160532 80770
170 -318232 160460 81266
171 -318048 160526 81759
172 -318152 160482 82259
173 -318272 160458 82729
174 -318256 160452 83184
175 -318280 160444 83632
176 -318164 160478 84093
177 -317808 160568 84616
178 -318012 160532 85166
179 -317980 160530 85691
180 -318024 160510 86211
181 -317864 160556 86742
182 -318112 160490 87263
183 -318044 160506 87761
184 -318068 160500 88264
185 -318152 160480 88754
186 -318380 160410 89199
187 -318136 160480 89644
188 -318260 160452 90110
189 -318184 160480 90576
190 -318044 160510 91071
191 -318048 160518 91585
192 -318072 160512 92092
193 -318024 160526 92607
194 -318056 160514 93127
195 -318264 160448 93608
196 -318400 160420 94040
197 -318156 160484 94492
198 -318104 160496 94982
199 -318040 160510 95485
200 -318208 160466 95973
201 -318116 160494 96453
202 -318292 160442 96921
203 -318288 160448 97366
204 -317976 160532 97856
205 -318404 160406 98325
206 -318348 160424 98740
207 -318192 160470 99187
208 -318328 160436 99640
209 -318368 160426 100071
210 -318172 160470 100519
211 -318076 160502 101005
212 -318144 160486 101497
213 -318284 160450 101963
214 -318228 160456 102416
215 -318180 160480 102884
216 -318044 160522 103377
217 -318344 160438 103849
218 -318164 160480 104306
219 -318348 160432 104762
220 -318452 160406 105181
221 -318260 160456 105612
222 -318300 160450 106065
223 -318040 160514 106545
224 -318220 160462 107031
225 -318344 160430 107477
226 -317828 160576 107980
227 -318120 160486 108511
228 -318256 160460 108984
229 -318344 160432 109430
230 -318012 160528 109910
231 -318300 160438 110393
232 -318112 160498 110861
233 -318352 160424 111322
234 -318168 160476 111772
235 -318260 160462 112241
236 -318084 160496 112718
237 -317884 160552 113242
238 -318076 160506 113771
239 -317952 160544 114296
240 -318180 160472 114804
241 -318080 160502 115291
242 -318192 160478 115781
243 -318092 160502 116271
244 -318276 160450 116747
245 -318224 160460 117202
246 -318252 160458 117661
247 -317988 160516 118148
248 -318052 160506 118659
249 -318144 160486 119155
250 -318268 160456 119626
251 -318208 160470 120089
252 -318248 160460 120554
253 -318316 160438 121003
254 -318348 160434 121439
255 -318068 160506 121905
256 -318252 160454 122385
257 -318128 160490 122857
258 -318128 160486 123343
259 -318108 160498 123835
260 -318204 160464 124316
261 -317988 160522 124809
262 -318088 160498 125319
263 -318104 160500 125818
264 -318444 160412 126274
265 -318220 160460 126710
266 -318504 160386 127133
267 -318332 160438 127545
268 -317968 160536 128032
269 -318356 160424 128512
270 -318204 160466 128957
271 -318200 160464 129422
272 -318136 160478 129893
273 -318348 160430 130347
274 -318212 160462 130793
275 -318224 160466 131255
276 -318172 160474 131725
277 -318256 160454 132189
278 -318224 160464 132648
279 -318192 160472 133116
280 -318264 160446 133575
281 -318176 160474 134035
282 -318124 160492 134518
283 -318148 160484 135006
284 -318228 160464 135480
285 -318284 160444 135934
286 -318200 160476 136392
287 -318032 160512 136886
288 -318304 160438 137361
289 -318092 160500 137830
290 -318148 160488 138324
291 -318100 160494 138815
292 -318028 160516 139320
293 -318072 160500 139828
294 -318108 160496 140326
295 -318212 160470 140807
296 -318332 160440 141262
297 -318204 160464 141714
298 -318180 160468 142180
299 -318448 160406 142617
300 -318444 160408 143024
301 -317992 160524 143490
302 -318272 160456 143980
303 -318104 160500 144458
304 -318104 160494 144955
305 -318248 160456 145430
306 -318104 160490 145903
307 -318216 160468 146382
308 -318272 160454 146843
309 -317948 160526 147333
310 -318188 160462 147827
311 -318312 160440 148278
312 -317932 160554 148775
313 -318176 160478 149291
314 -318192 160478 149769
315 -318200 160470 150243
316 -318160 160482 150719
317 -318312 160434 151177
318 -318356 160426 151607
319 -318144 160482 152061
320 -318140 160486 152545
321 -318224 160464 153020
322 -318144 160486 153495
323 -318104 160488 153982
324 -318064 160506 154479
325 -318008 160526 154995
326 -318236 160466 155489
327 -318196 160476 155960
328 -318244 160450 156423
329 -318260 160450 156873
330 -318028 160516 157356
331 -317956 160530 157879
332 -318200 160464 158376
333 -318076 160508 158862
334 -318316 160442 159337
335 -318240 160454 159785
336 -318268 160456 160240
337 -318160 160484 160710
338 -318204 160464 161184
339 -318100 160504 161668
340 -318220 160468 162154
341 -318208 160478 162627
342 -318112 160492 163110
343 -318144 160480 163596
344 -318092 160494 164083
345 -317940 160546 164603
346 -318140 160480 165116
347 -318288 160444 165578
348 -318112 160496 166046
349 -318160 160482 166531
350 -318292 160446 166993
351 -318136 160488 167460
352 -318028 160510 167959
353 -318212 160470 168449
354 -318356 160424 168896
355 -318132 160484 169350
356 -318252 160454 169815
357 -318012 160538 170309
358 -318044 160526 170833
359 -318144 160488 171334
360 -317936 160562 171853
361 -318316 160430 172349
362 -318096 160494 172811
363 -318288 160442 173279
364 -318212 160458 173729
365 -318072 160506 174209
366 -318260 160458 174689
367 -318184 160474 175155
368 -318288 160442 175613
369 -318304 160440 176054
370 -318252 160462 176505
371 -318172 160480 176974
372 -318212 160464 177444
373 -318216 160462 177907
374 -318208 160466 178371
375 -318292 160458 178833
376 -318104 160490 179307
377 -318276 160450 179777
378 -318428 160410 180207
379 -318320 160444 180634
380 -318176 160474 181093
381 -318024 160510 181585
382 -318060 160504 182092
383 -318184 160478 182581
384 -318228 160466 183053
385 -318152 160476 183524
386 -318180 160478 184001
387 -318212 160468 184474
388 -318312 160436 184926
389 -318416 160408 185348
390 -318192 160464 185784
391 -318192 160464 186248
392 -318228 160454 186707
393 -318244 160452 187160
394 -318276 160454 187613
395 -318244 160458 188069
396 -318076 160508 188552
397 -318308 160436 189024
398 -318416 160406 189445
399 -318216 160460 189878
400 -318100 160494 190355
401 -318012 160524 190864
402 -318236 160460 191356
403 -318280 160444 191808
404 -317936 160544 192302
405 -318232 160462 192801
406 -318116 160492 193278
407 -317968 160522 193785
408 -318060 160518 194305
409 -318220 160460 194794
410 -318140 160494 195271
411 -318332 160432 195734
412 -318312 160434 196167
413 -318256 160450 196609
414 -318144 160484 197076
415 -318216 160462 197549
416 -318116 160496 198028
417 -318156 160486 198515
418 -318276 160458 198987
419 -318144 160480 199456
420 -318064 160510 199951
421 -318056 160504 200458
422 -318084 160500 200958
423 -318108 160490 201451
424 -318192 160468 201930
425 -317968 160540 202432
426 -318020 160512 202958
427 -317964 160526 203475
428 -318240 160468 203970
429 -317932 160546 204475
430 -318116 160488 204990
431 -318232 160466 205467
432 -318060 160500 205950
433 -318196 160462 206431
434 -318076 160500 206912
435 -318268 160464 207394
436 -318088 160496 207872
437 -318120 160496 208368
438 -318180 160476 208854
439 -318164 160470 209327
440 -318004 160512 209818
441 -318208 160464 210306
442 -318464 160400 210738
443 -317908 160556 211212
444 -318152 160486 211731
445 -318364 160416 212182
446 -318100 160492 212636
447 -318408 160420 213092
448 -318196 160476 213540
449 -318348 160434 213995
450 -318184 160486 214453
451 -318168 160488 214938
452 -318060 160506 215433
453 -318180 160478 215925
454 -317992 160520 216422
455 -318112 160494 216929
456 -317976 160524 217438
457 -318264 160458 217927
458 -318192 160482 218395
459 -318068 160512 218892
460 -318088 160492 219394
461 -318448 160400 219840
462 -318156 160480 220280
463 -318080 160496 220768
464 -317968 160532 221282
465 -318168 160478 221787
466 -318104 160502 222275
467 -318284 160446 222749
468 -318248 160462 223203
469 -318236 160458 223663
470 -318168 160484 224134
471 -318152 160488 224616
472 -318220 160464 225086
473 -318064 160506 225569
474 -318312 160434 226039
475 -318156 160478 226495
476 -318120 160492 226980
477 -318020 160516 227484
478 -318268 160448 227966
479 -318296 160442 228411
480 -318344 160432 228846
481 -318124 160494 229307
482 -318364 160422 229765
483 -318148 160488 230220
484 -318172 160478 230703
485 -318196 160468 231176
486 -318288 160448 231634
487 -318172 160482 232097
488 -318248 160460 232566
489 -318340 160434 233011
490 -318220 160460 233458
491 -318064 160510 233943
492 -318260 160466 234431
493 -318160 160486 234903
494 -318224 160456 235374
495 -318404 160418 235811
496 -318260 160448 236244
497 -318068 160500 236718
498 -318220 160470 237203
499 -318096 160500 237688
500 -318116 160490 238183
501 -318148 160480 238666
502 -318232 160454 239133
503 -318288 160448 239584
504 -318088 160508 240062
505 -318168 160480 240556
506 -318248 160458 241025
507 -318036 160526 241517
508 -318092 160494 242027
509 -318136 160488 242518
510 -318148 160484 243004
511 -318288 160440 243466
512 -318168 160472 243922
513 -317968 160526 244421
514 -318020 160510 244939
515 -318144 160476 245430
516 -318104 160488 245912
517 -318284 160446 246379
518 -318232 160460 246832
519 -317940 160540 247332
520 -318212 160474 247839
521 -318020 160508 248328
522 -318236 160458 248811
523 -318240 160454 249267
524 -318352 160424 249706
525 -318084 160500 250168
526 -318100 160492 250664
527 -318156 160474 251147
528 -318228 160454 251611
529 -318000 160528 252102
530 -318048 160516 252624
531 -318076 160502 253133
532 -318052 160504 253636
533 -318124 160490 254133
534 -318064 160500 254628
535 -318088 160498 255127
536 -318148 160488 255620
537 -318456 160400 256064
538 -318028 160512 256520
539 -318064 160496 257024
540 -318192 160474 257509
541 -318148 160496 257992
542 -318068 160514 258495
543 -318312 160440 258972
544 -318372 160422 259403
545 -318268 160446 259837
546 -318276 160444 260282
547 -318304 160444 260726
548 -318020 160522 261209
549 -318120 160498 261717
550 -318156 160486 262209
551 -317976 160526 262715
552 -318140 160486 263221
553 -318232 160456 263692
554 -318160 160486 264163
555 -318228 160458 264635
556 -318320 160434 265081
557 -318368 160430 265513
558 -318032 160522 265985
559 -318260 160450 266471
560 -318284 160444 266918
561 -318272 160452 267366
562 -318140 160484 267834
563 -318200 160468 268310
564 -318180 160470 268779
565 -318152 160480 269254
566 -318232 160456 269722
567 -318188 160470 270185
568 -318180 160472 270656
569 -318156 160480 271132
570 -318104 160492 271618
571 -318156 160476 272100
572 -318012 160522 272599
573 -318180 160470 273095
574 -318164 160482 273571
575 -318216 160458 274041
576 -318184 160480 274510
577 -318100 160492 274996
578 -318336 160434 275459
579 -318400 160416 275884
580 -318260 160450 276317
581 -318176 160478 276781
582 -318172 160480 277260
583 -318268 160456 277728
584 -318260 160448 278180
585 -318228 160464 278636
586 -318280 160440 279088
587 -318052 160512 279564
588 -318196 160472 280056
589 -318068 160502 280543
590 -318116 160490 281039
591 -318200 160468 281518
592 -318256 160452 281978
593 -318088 160498 282453
594 -318092 160496 282950
595 -317804 160572 283484
596 -317960 160536 284036
597 -318152 160484 284546
598 -318152 160498 285037
599 -318284 160440 285506
600 -318216 160466 285959
601 -318328 160432 286404
602 -318332 160440 286840
603 -318040 160516 287318
604 -318112 160492 287822
605 -318212 160472 288304
606 -318236 160450 288765
607 -318464 160410 289195
608 -318292 160450 289625
609 -318044 160508 290104
610 -317988 160526 290621
611 -318080 160500 291134
612 -318164 160476 291622
613 -318308 160444 292082
614 -318392 160410 292509
615 -318152 160482 292955
616 -318108 160496 293444
617 -318104 160496 293940
618 -318056 160500 294438
619 -318104 160484 294930
620 -318408 160408 295376
621 -318264 160448 295804
622 -317936 160538 296297
623 -318228 160460 296796
624 -318172 160478 297265
625 -317996 160526 297767
626 -318276 160450 298255
627 -318260 160456 298708
628 -318012 160518 299195
629 -318316 160440 299674
630 -318180 160472 300130
631 -318144 160486 300609
632 -318220 160462 301083
633 -318212 160464 301546
634 -318304 160436 301996
635 -318260 160452 302440
636 -318168 160472 302902
637 -318228 160472 303374
638 -318036 160508 303862
639 -317912 160554 304393
640 -318200 160466 304903
641 -317948 160524 305398
642 -318140 160480 305900
643 -317956 160540 306410
644 -318064 160504 306932
645 -318200 160470 307419
646 -318176 160472 307890
647 -318224 160458 308355
648 -318136 160484 308826
649 -318092 160490 309313
650 -318380 160424 309770
651 -318248 160454 310207
652 -318104 160490 310679
653 -318448 160394 311121
654 -318092 160506 311571
655 -318232 160456 312052
656 -318088 160492 312526
657 -318132 160486 313015
658 -317896 160556 313532
659 -318116 160494 314051
660 -318112 160484 314538
661 -318228 160464 315012
662 -318404 160414 315451
663 -318308 160442 315879
664 -318204 160462 316331
665 -318180 160474 316799
666 -318076 160498 317285
667 -318216 160464 317766
668 -318352 160428 318212
669 -318136 160476 318664
670 -318068 160498 319151
671 -318236 160464 319630
672 -317956 160530 320127
673 -318240 160466 320625
674 -318256 160452 321084
675 -318144 160482 321551
676 -318204 160468 322022
677 -318092 160494 322503
678 -318256 160450 322975
679 -318352 160424 323412
680 -318264 160454 323851
681 -318236 160464 324310
682 -318236 160452 324764
683 -318056 160504 325242
684 -318104 160494 325741
685 -317988 160532 326254
686 -318100 160492 326766
687 -318296 160446 327233
688 -318104 160496 327704
689 -318300 160448 328176
690 -318100 160502 328651
691 -318440 160404 329104
692 -318032 160510 329561
693 -318152 160474 330053
694 -318168 160482 330531
695 -318044 160514 331027
696 -318008 160524 331546
697 -318276 160442 332027
698 -318232 160462 332477
699 -318300 160440 332928
700 -318148 160482 333389
701 -318088 160500 333880
702 -318164 160484 334372
703 -318336 160426 334827
704 -318324 160430 335255
705 -318224 160458 335699
706 -318172 160480 336168
707 -318136 160478 336647
708 -318248 160460 337116
709 -318216 160478 337585
710 -318208 160470 338059
711 -318156 160478 338533
712 -318396 160420 338982
713 -318224 160462 339423
714 -318160 160480 339894
715 -318188 160470 340369
716 -318228 160470 340839
717 -317932 160546 341347
718 -318016 160516 341878
719 -318276 160440 342356
720 -318164 160478 342815
721 -318172 160478 343293
722 -318248 160458 343761
723 -318252 160454 344217
724 -318000 160528 344708
725 -318116 160498 345221
726 -318352 160428 345684
727 -318340 160428 346112
728 -318300 160444 346548
729 -318148 160486 347011
730 -318140 160492 347500
731 -318268 160448 347970
732 -318164 160476 348430
733 -318156 160476 348904
734 -318160 160478 349381
735 -318196 160472 349856
736 -318328 160436 350308
737 -318212 160466 350759
738 -318216 160460 351222
739 -318088 160508 351704
740 -318248 160460 352184
741 -318136 160488 352658
742 -318164 160476 353140
743 -318132 160496 353626
744 -318340 160430 354089
745 -318228 160458 354533
746 -318100 160504 355014
747 -318052 160506 355519
748 -318336 160440 355992
749 -318112 160484 356454
750 -318068 160504 356948
751 -318280 160444 357422
752 -318196 160468 357878
753 -318260 160448 358336
754 -318016 160522 358821
755 -318200 160466 359315
756 -318276 160448 359772
757 -318156 160476 360234
758 -318084 160510 360727
759 -318232 160454 361207
760 -318240 160460 361664
761 -318224 160460 362124
762 -318100 160502 362605
763 -318020 160516 363114
764 -318172 160484 363614
765 -318020 160522 364117
766 -318220 160474 364615
767 -318116 160504 365104
768 -317744 160604 365656
769 -317980 160530 366223
770 -318296 160446 366711
771 -318192 160466 367167
772 -318240 160456 367628
773 -318464 160396 368054
774 -318264 160454 368479
775 -317964 160536 368972
776 -318188 160478 369479
777 -318148 160480 369958
778 -318212 160468 370432
779 -318268 160448 370890
780 -318156 160484 371356
781 -318312 160432 371814
782 -318180 160482 372271
783 -318224 160474 372749
784 -318148 160492 373230
785 -318220 160474 373711
786 -318112 160498 374195
787 -318208 160476 374682
788 -318084 160496 375168
789 -318160 160492 375662
790 -318136 160482 376149
791 -318260 160454 376617
792 -318112 160490 377089
793 -318132 160490 377579
794 -318200 160480 378064
795 -317968 160530 378569
796 -318200 160478 379073
797 -318212 160474 379549
798 -318316 160432 380002
799 -317956 160532 380484
800 -318320 160434 380967
801 -318148 160484 381426
802 -318336 160436 381886
803 -318204 160474 382341
804 -318132 160488 382822
805 -318264 160452 383292
806 -318288 160448 383742
807 -317908 160546 384239
808 -318284 160450 384737
809 -318212 160474 385199
810 -318296 160438 385655
811 -318200 160476 386112
812 -318128 160482 386591
813 -318136 160482 387073
814 -318152 160486 387557
815 -318048 160508 388054
816 -318340 160426 388521
817 -318308 160440 388954
818 -318024 160516 389432
819 -318080 160498 389939
820 -317936 160528 390452
821 -318328 160432 390932
822 -318136 160486 391391
823 -318216 160464 391866
824 -318012 160514 392353
825 -318308 160436 392828
826 -318072 160506 393299
827 -318092 160498 393801
828 -318248 160448 394274
829 -318064 160514 394755
830 -318460 160400 395210
831 -318084 160504 395660
832 -318080 160524 396168
833 -318180 160476 396662
834 -318076 160500 397150
835 -318084 160496 397648
836 -318184 160486 398139
837 -318136 160486 398625
838 -318200 160474 399105
839 -318340 160434 399559
840 -318016 160524 400034
841 -318372 160424 400508
842 -318132 160480 400960
843 -318148 160478 401439
844 -318072 160492 401924
845 -318252 160450 402395
846 -318196 160474 402857
847 -318444 160398 403293
848 -318204 160472 403728
849 -318240 160452 404190
850 -318272 160448 404640
851 -318336 160432 405080
852 -318152 160478 405535
853 -318052 160510 406029
854 -318084 160492 406530
855 -318236 160464 407006
856 -318080 160502 407489
857 -318260 160446 407963
858 -318184 160468 408420
859 -318440 160402 408855
860 -318156 160484 409298
861 -318124 160502 409791
862 -318124 160490 410283
863 -318292 160444 410750
864 -318156 160470 411207
865 -318256 160452 411668
866 -318208 160468 412128
867 -318196 160466 412595
868 -318232 160452 413054
869 -318328 160432 413496
870 -318188 160474 413949
871 -318200 160472 414420
872 -318220 160466 414889
873 -317976 160528 415386
874 -318468 160402 415851
875 -317956 160530 416317
876 -318076 160496 416830
877 -318272 160454 417305
878 -318180 160474 417769
879 -318156 160492 418248
880 -318188 160476 418730
881 -318160 160474 419203
882 -317968 160530 419705
883 -318208 160474 420207
884 -318212 160470 420673
885 -318296 160440 421128
886 -318144 160484 421590
887 -318012 160516 422090
888 -317988 160534 422615
889 -318356 160426 423095
890 -318376 160414 423515
891 -318324 160436 423940
892 -318120 160492 424404
893 -318116 160484 424892
894 -318056 160504 425386
895 -318144 160480 425878
896 -318056 160508 426372
897 -318212 160464 426858
898 -318428 160410 427295
899 -318112 160486 427743
900 -318240 160450 428211
901 -318056 160502 428687
902 -318028 160516 429196
903 -318008 160516 429712
904 -318092 160496 430218
905 -318408 160420 430676
906 -318032 160512 431142
907 -318332 160434 431615
908 -318076 160502 432083
909 -318320 160436 432552
910 -318152 160488 433014
911 -318116 160496 433506
912 -318052 160506 434007
913 -317752 160588 434554
914 -317960 160542 435117
915 -318140 160484 435630
916 -318080 160500 436120
917 -318124 160494 436617
918 -318104 160494 437111
919 -318072 160500 437608
920 -318028 160510 438113
921 -318072 160496 438616
922 -318092 160498 439113
923 -318052 160508 439614
924 -317996 160528 440132
925 -318288 160450 440621
926 -318160 160474 441083
927 -318268 160452 441546
928 -318348 160428 441986
929 -318056 160502 442451
930 -318288 160450 442927
931 -318496 160386 443345
932 -318228 160462 443769
933 -318116 160494 444247
934 -318380 160420 444704
935 -318204 160468 445148
936 -318240 160456 445610
937 -318028 160520 446098
938 -318244 160458 446587
939 -318168 160480 447056
940 -318000 160530 447561
941 -318292 160440 448046
942 -318304 160442 448487
943 -318072 160502 448959
944 -318104 160492 449456
945 -317848 160558 449981
946 -318048 160498 450509
947 -318108 160486 451001
948 -318344 160432 451460
949 -318292 160454 451903
950 -318044 160510 452381
951 -318080 160506 452887
952 -318116 160490 453385
953 -318196 160472 453866
954 -318196 160466 454335
955 -318272 160452 454794
956 -318064 160506 455273
957 -318364 160422 455737
958 -318196 160468 456182
959 -318084 160492 456662
960 -318268 160454 457135
961 -318304 160446 457585
962 -318208 160470 458043
963 -318144 160478 458517
964 -318260 160454 458983
965 -317884 160570 459493
966 -318216 160456 460006
967 -318120 160500 460484
968 -318276 160448 460956
969 -318428 160410 461383
970 -318172 160480 461828
971 -318176 160480 462308
972 -318296 160442 462769
973 -318160 160484 463232
974 -318112 160492 463720
975 -318284 160444 464188
976 -318120 160500 464660
977 -318276 160444 465132
978 -318300 160446 465577
979 -318048 160514 466057
980 -318196 160466 466547
981 -318280 160446 467003
982 -318164 160488 467468
983 -318376 160424 467924
984 -318140 160480 468376
985 -317908 160556 468894
986 -318220 160464 469404
987 -318088 160498 469885
988 -318224 160464 470366
989 -318040 160522 470859
990 -318136 160482 471361
991 -318020 160520 471862
992 -318172 160486 472365
993 -318032 160510 472863
994 -318280 160460 473348
995 -317968 160544 473848
996 -318264 160450 474345
997 -318264 160450 474795
998 -317956 160538 475289
999 -318348 160428 475772
