0 0 357.613 8765.69 62.294
0 0 715.226 35387.5 212.498
0 0 1072.84 44153.1 274.792
0 0 1430.45 70774.9 424.995
0 0 1788.06 79540.6 487.289
0 0 2145.68 106162 637.493
0 0 2503.29 114928 699.787
0 0 2860.9 141550 849.99
0 0 3218.52 150316 912.284
0 0 3576.13 176937 1062.49
0 0 3933.74 185703 1124.78
0 0 4291.35 212325 1274.99
0 0 4648.97 -208408 1337.28
0 0 5006.58 -181786 1487.48
0 0 5364.19 -173020 1549.78
0 0 5721.8 -146399 1699.98
0 0 6079.42 -137633 1762.27
0 0 6437.03 -111011 1912.48
0 0 6794.64 -102246 1974.77
0 0 7152.26 -75623.8 2124.98
0 0 7509.87 -66858.1 2187.27
0 0 7867.48 -40236.3 2337.47
0 0 8225.09 -31470.6 2399.77
0 0 8582.71 -4848.86 2549.97
0 0 8940.32 3916.83 2612.27
0 0 9297.93 30538.6 2762.47
0 0 9655.55 39304.3 2824.76
0 0 10013.2 65926.1 2974.97
0 0 10370.8 74691.7 3037.26
0 0 10728.4 101314 3187.46
0 0 11086 110079 3249.76
0 0 11443.6 136701 3399.96
0 0 11801.2 145467 3462.26
0 0 12158.8 172088 3612.46
0 0 12516.4 180854 3674.75
0 0 12874.1 207476 3824.96
0 0 13231.7 -213260 3887.25
0 0 13589.3 -186638 4037.45
0 0 13946.9 -177872 4099.75
0 0 14304.5 -151250 4249.95
0 0 14662.1 -142485 4312.25
0 0 15019.7 -115863 4462.45
0 0 15377.4 -107097 4524.74
0 0 15735 -80475.5 4674.95
0 0 16092.6 -71709.8 4737.24
0 0 16450.2 -45088.1 4887.44
0 0 16807.8 -36322.4 4949.74
0 0 17165.4 -9700.61 5099.94
0 0 17523 -934.918 5162.24
0 0 17880.6 25686.8 5312.44
0 0 18238.3 34452.5 5374.73
0 0 18595.9 61074.3 5524.94
0 0 18953.5 69840 5587.23
0 0 19311.1 96461.8 5737.44
0 0 19668.7 105227 5799.73
0 0 20026.3 131849 5949.93
0 0 20383.9 140615 6012.23
0 0 20741.5 167237 6162.43
0 0 21099.2 176002 6224.72
0 0 21456.8 202624 6374.93
0 0 21814.4 211390 6437.22
0 0 22172 -191488 6587.43
0 0 22529.6 -182722 6649.72
0 0 22887.2 -156100 6799.92
0 0 23244.8 -147335 6862.22
0 0 23602.4 -120713 7012.42
0 0 23960.1 -111947 7074.71
0 0 24317.7 -85325.3 7224.92
0 0 24675.3 -76559.6 7287.21
0 0 25032.9 -49937.9 7437.42
0 0 25390.5 -41172.2 7499.71
0 0 25748.1 -14550.4 7649.91
0 0 26105.7 -5784.71 7712.21
0 0 26463.3 20837.1 7862.41
0 0 26821 29602.7 7924.71
0 0 27178.6 56224.5 8074.91
0 0 27536.2 64990.2 8137.2
0 0 27893.8 91612 8287.41
0 0 28251.4 100378 8349.7
0 0 28609 126999 8499.9
0 0 28966.6 135765 8562.2
0 0 29324.2 162387 8712.4
0 0 29681.9 171153 8774.7
0 0 30039.5 197774 8924.9
0 0 30397.1 206540 8987.19
0 0 30754.7 -196336 9137.4
0 0 31112.3 -187570 9199.69
0 0 31469.9 -160948 9349.89
0 0 31827.5 -152182 9412.19
0 0 32185.2 -125561 9562.39
0 0 32542.8 -116795 9624.69
0 0 32900.4 -90173.2 9774.89
0 0 33258 -81407.5 9837.18
0 0 33615.6 -54785.8 9987.39
0 0 33973.2 -46020.1 10049.7
0 0 34330.8 -19398.3 10199.9
0 0 34688.4 -10632.6 10262.2
0 0 35046.1 15989.1 10412.4
0 0 35403.7 24754.8 10474.7
0 0 35761.3 51376.6 10624.9
0 0 36118.9 60142.3 10687.2
0 0 36476.5 86764.1 10837.4
0 0 36834.1 95529.7 10899.7
0 0 37191.7 122152 11049.9
0 0 37549.3 130917 11112.2
0 0 37907 157539 11262.4
0 0 38264.6 166305 11324.7
0 0 38622.2 192926 11474.9
0 0 38979.8 201692 11537.2
0 0 39337.4 -201185 11687.4
0 0 39695 -192419 11749.7
0 0 40052.6 -165797 11899.9
0 0 40410.2 -157032 11962.2
0 0 40767.9 -130410 12112.4
0 0 41125.5 -121644 12174.7
0 0 41483.1 -95022.5 12324.9
0 0 41840.7 -86256.8 12387.2
0 0 42198.3 -59635.1 12537.4
0 0 42555.9 -50869.4 12599.7
0 0 42913.5 -24247.6 12749.9
0 0 43271.1 -15481.9 12812.1
0 0 43628.8 11139.9 12962.4
0 0 43986.4 19905.5 13024.6
0 0 44344 46527.3 13174.9
0 0 44701.6 55293 13237.1
0 0 45059.2 81914.8 13387.3
0 0 45416.8 90680.5 13449.6
0 0 45774.4 117302 13599.8
0 0 46132.1 126068 13662.1
0 0 46489.7 152690 13812.3
0 0 46847.3 161455 13874.6
0 0 47204.9 188077 14024.8
0 0 47562.5 196843 14087.1
0 0 47920.1 -206037 14237.3
0 0 48277.7 -197271 14299.6
0 0 48635.3 -170649 14449.8
0 0 48993 -161884 14512.1
0 0 49350.6 -135262 14662.3
0 0 49708.2 -126496 14724.6
0 0 50065.8 -99874.4 14874.8
0 0 50423.4 -91108.7 14937.1
0 0 50781 -64487 15087.3
0 0 51138.6 -55721.3 15149.6
0 0 51496.2 -29099.5 15299.8
0 0 51853.9 -20333.8 15362.1
0 0 52211.5 6287.96 15512.3
0 0 52569.1 15053.6 15574.6
0 0 52926.7 41675.4 15724.8
0 0 53284.3 50441.1 15787.1
0 0 53641.9 77062.9 15937.3
0 0 53999.5 85828.6 15999.6
0 0 54357.1 112450 16149.8
0 0 54714.8 121216 16212.1
0 0 55072.4 147838 16362.3
0 0 55430 156603 16424.6
0 0 55787.6 183225 16574.8
0 0 56145.2 191991 16637.1
0 0 56502.8 -210885 16787.3
0 0 56860.4 -202119 16849.6
0 0 57218 -175498 16999.8
0 0 57575.7 -166732 17062.1
0 0 57933.3 -140110 17212.3
0 0 58290.9 -131344 17274.6
0 0 58648.5 -104723 17424.8
0 0 59006.1 -95957 17487.1
0 0 59363.7 -69335.2 17637.3
0 0 59721.3 -60569.5 17699.6
0 0 60079 -33947.8 17849.8
0 0 60436.6 -25182.1 17912.1
0 0 60794.2 1439.69 18062.3
0 0 61151.8 10205.4 18124.6
0 0 61509.4 36827.1 18274.8
0 0 61867 45592.8 18337.1
0 0 62224.6 72214.6 18487.3
0 0 62582.2 80980.3 18549.6
0 0 62939.9 107602 18699.8
0 0 63297.5 116368 18762.1
0 0 63655.1 142990 18912.3
0 0 64012.7 151755 18974.6
0 0 64370.3 178377 19124.8
0 0 64727.9 187143 19187.1
0 0 65085.5 213764 19337.3
0 0 65443.1 -206967 19399.6
0 0 65800.8 -180345 19549.8
0 0 66158.4 -171579 19612.1
0 0 66516 -144957 19762.3
0 0 66873.6 -136192 19824.6
0 0 67231.2 -109570 19974.8
0 0 67588.8 -100804 20037.1
0 0 67946.4 -74182.5 20187.3
0 0 68304 -65416.8 20249.6
0 0 68661.7 -38795.1 20399.8
0 0 69019.3 -30029.4 20462.1
0 0 69376.9 -3407.61 20612.3
0 0 69734.5 5358.08 20674.6
0 0 70092.1 31979.8 20824.8
0 0 70449.7 40745.5 20887.1
0 0 70807.3 67367.3 21037.3
0 0 71164.9 76133 21099.6
0 0 71522.6 102755 21249.8
0 0 71880.2 111520 21312.1
0 0 72237.8 138142 21462.3
0 0 72595.4 146908 21524.6
0 0 72953 173530 21674.8
0 0 73310.6 182295 21737
0 0 73668.2 208917 21887.3
0 0 74025.8 -211818 21949.5
0 0 74383.5 -185196 22099.8
0 0 74741.1 -176430 22162
0 0 75098.7 -149809 22312.2
0 0 75456.3 -141043 22374.5
0 0 75813.9 -114421 22524.7
0 0 76171.5 -105655 22587
0 0 76529.1 -79033.6 22737.2
0 0 76886.8 -70267.9 22799.5
0 0 77244.4 -43646.2 22949.7
0 0 77602 -34880.5 23012
0 0 77959.6 -8258.72 23162.2
0 0 78317.2 506.965 23224.5
0 0 78674.8 27128.7 23374.7
0 0 79032.4 35894.4 23437
0 0 79390 62516.2 23587.2
0 0 79747.7 71281.9 23649.5
0 0 80105.3 97903.6 23799.7
0 0 80462.9 106669 23862
0 0 80820.5 133291 24012.2
0 0 81178.1 142057 24074.5
0 0 81535.7 168679 24224.7
0 0 81893.3 177444 24287
0 0 82250.9 204066 24437.2
0 0 82608.6 212832 24499.5
0 0 82966.2 -190047 24649.7
0 0 83323.8 -181281 24712
0 0 83681.4 -154659 24862.2
0 0 84039 -145893 24924.5
0 0 84396.6 -119272 25074.7
0 0 84754.2 -110506 25137
0 0 85111.8 -83884.3 25287.2
0 0 85469.5 -75118.6 25349.5
0 0 85827.1 -48496.8 25499.7
0 0 86184.7 -39731.1 25562
0 0 86542.3 -13109.3 25712.2
0 0 86899.9 -4343.66 25774.5
0 0 87257.5 22278.1 25924.7
0 0 87615.1 31043.8 25987
0 0 87972.7 57665.6 26137.2
0 0 88330.4 66431.3 26199.5
0 0 88688 93053 26349.7
0 0 89045.6 101819 26412
0 0 89403.2 128440 26562.2
0 0 89760.8 137206 26624.5
0 0 90118.4 163828 26774.7
0 0 90476 172594 26837
0 0 90833.7 199215 26987.2
0 0 91191.3 207981 27049.5
0 0 91548.9 -194895 27199.7
0 0 91906.5 -186129 27262
0 0 92264.1 -159508 27412.2
0 0 92621.7 -150742 27474.5
0 0 92979.3 -124120 27624.7
0 0 93336.9 -115355 27687
0 0 93694.6 -88732.7 27837.2
0 0 94052.2 -79967.1 27899.5
0 0 94409.8 -53345.3 28049.7
0 0 94767.4 -44579.6 28112
0 0 95125 -17957.8 28262.2
0 0 95482.6 -9192.14 28324.5
0 0 95840.2 17429.6 28474.7
0 0 96197.8 26195.3 28537
0 0 96555.5 52817.1 28687.2
0 0 96913.1 61582.8 28749.5
0 0 97270.7 88204.5 28899.7
0 0 97628.3 96970.2 28962
0 0 97985.9 123592 29112.2
0 0 98343.5 132358 29174.5
0 0 98701.1 158979 29324.7
0 0 99058.7 167745 29387
0 0 99416.4 194367 29537.2
0 0 99774 203133 29599.5
0 0 100132 -199747 29749.7
0 0 100489 -190982 29812
0 0 100847 -164360 29962.2
0 0 101204 -155594 30024.5
0 0 101562 -128972 30174.7
0 0 101920 -120207 30237
0 0 102277 -93585 30387.2
0 0 102635 -84819.3 30449.5
0 0 102992 -58197.6 30599.7
0 0 103350 -49431.9 30661.9
0 0 103708 -22810.1 30812.2
0 0 104065 -14044.4 30874.4
0 0 104423 12577.4 31024.6
0 0 104781 21343 31086.9
0 0 105138 47964.8 31237.1
0 0 105496 56730.5 31299.4
0 0 105853 83352.3 31449.6
0 0 106211 92118 31511.9
0 0 106569 118740 31662.1
0 0 106926 127505 31724.4
0 0 107284 154127 31874.6
